0.39337
0.393375
0.39338
0.393405
0.393413
0.393433
0.393446
0.393462
0.393468
0.393472
0.39348
0.393483
0.393509
0.393538
0.393542
0.393542
0.393546
0.39355
0.393555
0.393558
0.39356
0.39356
0.39357
0.393571
0.393574
0.393575
0.393576
0.393591
0.393598
0.3936
0.3936
0.393604
0.393605
0.393614
0.393618
0.393627
0.393634
0.393634
0.393634
0.393636
0.393637
0.39364
0.393641
0.393643
0.393647
0.393652
0.393654
0.393659
0.393659
0.393664
0.393667
0.39367
0.393675
0.393676
0.393678
0.393681
0.393682
0.393694
0.393699
0.3937
0.393701
0.393706
0.393706
0.393715
0.39372
0.39372
0.393722
0.393725
0.393728
0.393728
0.39373
0.393734
0.393738
0.39374
0.39374
0.393741
0.393742
0.393743
0.393744
0.393748
0.393749
0.393752
0.393758
0.393758
0.393763
0.393766
0.393768
0.393768
0.393773
0.393773
0.393773
0.393779
0.393779
0.39378
0.393781
0.393783
0.393783
0.393785
0.393785
0.393786
0.393787
0.393787
0.393788
0.393789
0.393795
0.393801
0.393802
0.393804
0.393804
0.393805
0.393806
0.393808
0.393809
0.393811
0.393814
0.393817
0.393821
0.393822
0.393824
0.393825
0.393825
0.393826
0.393826
0.393828
0.393829
0.393832
0.393832
0.393834
0.393835
0.393837
0.393838
0.393841
0.393842
0.393843
0.393843
0.393844
0.393845
0.393846
0.393846
0.393847
0.393848
0.393848
0.393848
0.393849
0.393852
0.393852
0.393857
0.393857
0.393858
0.393858
0.39386
0.393861
0.393861
0.393863
0.393865
0.393866
0.393869
0.39387
0.393872
0.393873
0.393875
0.393875
0.393881
0.393882
0.393882
0.393884
0.393885
0.393888
0.393889
0.393889
0.393889
0.393894
0.393897
0.393901
0.393901
0.393901
0.393901
0.393906
0.393906
0.393908
0.39391
0.393911
0.393911
0.393913
0.393915
0.393915
0.393915
0.393915
0.393917
0.393919
0.393919
0.393924
0.393924
0.393928
0.393932
0.393933
0.393933
0.393937
0.393938
0.393944
0.393947
0.393949
0.393949
0.393952
0.393953
0.393953
0.393956
0.393961
0.393964
0.393964
0.393966
0.393975
0.394005
0.394006
0.39401
0.395793
0.395821
0.395837
0.395843
0.395852
0.395897
0.395901
0.395907
0.395924
0.39594
0.395946
0.395952
0.395954
0.395957
0.39597
0.395976
0.395983
0.395989
0.395994
0.395996
0.395997
0.396005
0.396011
0.396011
0.396017
0.396022
0.396023
0.396025
0.396028
0.39603
0.396032
0.396039
0.396043
0.396044
0.396045
0.39605
0.396051
0.396052
0.396053
0.396053
0.396055
0.396057
0.396065
0.396069
0.39607
0.396076
0.396079
0.396079
0.396091
0.396093
0.396093
0.396094
0.396102
0.396104
0.396111
0.396113
0.396115
0.396117
0.396131
0.396133
0.396133
0.396144
0.396146
0.396146
0.396149
0.396151
0.396155
0.396167
0.396169
0.396171
0.396178
0.396179
0.396184
0.396187
0.39619
0.396201
0.396201
0.396204
0.396205
0.396208
0.396209
0.396213
0.396214
0.396221
0.396223
0.396225
0.396225
0.396227
0.396236
0.39624
0.396243
0.396245
0.396247
0.396249
0.396267
0.396269
0.39627
0.396271
0.396271
0.39628
0.396282
0.396283
0.396284
0.396285
0.396292
0.396302
0.396305
0.396306
0.396308
0.396311
0.396312
0.396312
0.396315
0.39632
0.39632
0.396321
0.396324
0.39633
0.396337
0.396337
0.396349
0.396349
0.396355
0.396356
0.396358
0.396361
0.396363
0.396382
0.396401
0.396409
0.396412
0.396415
0.396421
0.396432
0.396433
0.396445
0.396451
0.39646
0.396475
0.39648
0.396483
0.396484
0.396484
0.396486
0.396486
0.396499
0.396502
0.396515
0.396523
0.396538
0.396555
0.396558
0.396558
0.396561
0.396562
0.39657
0.396578
0.396601
0.396609
0.396625
0.396635
0.396646
0.396655
0.396668
0.396672
0.396684
0.396685
0.396685
0.396691
0.396691
0.396694
0.396705
0.396708
0.396727
0.396731
0.396754
0.396757
0.396757
0.396766
0.396772
0.396774
0.396787
0.396792
0.396833
0.396837
0.396838
0.396839
0.396845
0.396855
0.396859
0.396884
0.396923
0.396936
0.396975
0.39698
0.397007
0.397085
0.397135
0.397306
0.397399
0.397432
0.40463
0.404638
0.404639
0.404652
0.404664
0.404669
0.404669
0.40467
0.404672
0.404695
0.404698
0.404698
0.404713
0.404721
0.404726
0.404733
0.404741
0.404748
0.404749
0.404754
0.404755
0.404757
0.404763
0.404763
0.404765
0.40478
0.404791
0.404792
0.404797
0.404799
0.4048
0.404801
0.404802
0.404812
0.404824
0.40483
0.404831
0.404832
0.404832
0.404836
0.404839
0.404841
0.404843
0.404846
0.404851
0.404852
0.404857
0.404862
0.404866
0.404873
0.404875
0.404876
0.404877
0.404878
0.40488
0.404883
0.404885
0.404885
0.404889
0.404892
0.4049
0.404902
0.404904
0.404904
0.404906
0.404907
0.404915
0.404917
0.40492
0.404921
0.404923
0.404925
0.40493
0.40494
0.404942
0.404942
0.404948
0.404951
0.404952
0.404956
0.404961
0.404966
0.404969
0.404977
0.404977
0.404986
0.404995
0.404996
0.404998
0.405004
0.405009
0.405023
0.405042
0.405045
0.405054
0.405054
0.405059
0.405064
0.405072
0.405073
0.405079
0.40508
0.405082
0.405085
0.405087
0.405091
0.405093
0.405099
0.405106
0.405113
0.405115
0.405116
0.405122
0.405127
0.405128
0.405131
0.405136
0.405139
0.40515
0.405151
0.405153
0.405154
0.405164
0.405164
0.405165
0.405175
0.405191
0.405195
0.405203
0.40521
0.405213
0.405217
0.405217
0.405223
0.405224
0.40523
0.405233
0.405233
0.405236
0.405238
0.40524
0.405249
0.40525
0.405256
0.405263
0.405264
0.405278
0.405285
0.405285
0.405296
0.405297
0.405304
0.405307
0.405308
0.405315
0.405321
0.405338
0.405339
0.405348
0.405353
0.405371
0.405373
0.405373
0.405386
0.405388
0.405395
0.405404
0.405406
0.405408
0.405421
0.405425
0.405451
0.405466
0.405471
0.405481
0.405482
0.405487
0.405497
0.405525
0.405545
0.405564
0.405595
0.405602
0.405636
0.405678
0.405713
0.405725
0.405733
0.405738
0.405744
0.405759
0.405763
0.405781
0.40582
0.405831
0.405865
0.405874
0.405907
0.405921
0.40594
0.405948
0.405953
0.405959
0.405959
0.405961
0.40597
0.405972
0.405978
0.405999
0.406002
0.406009
0.40602
0.406025
0.406031
0.406037
0.40604
0.406044
0.406045
0.406056
0.406064
0.406066
0.406069
0.406073
0.406074
0.406078
0.40608
0.406091
0.406092
0.406108
0.406122
0.406124
0.406124
0.40613
0.406133
0.406134
0.406135
0.406158
0.406158
0.40616
0.406161
0.406163
0.406167
0.406169
0.406169
0.40617
0.40618
0.406182
0.406185
0.406186
0.406195
0.406201
0.406203
0.406203
0.406206
0.406208
0.406212
0.406219
0.40622
0.406221
0.406222
0.406225
0.406227
0.406231
0.406233
0.406234
0.406236
0.406236
0.406238
0.406243
0.406246
0.406252
0.406254
0.406261
0.406265
0.406266
0.406269
0.40627
0.406271
0.406287
0.406289
0.40629
0.406293
0.406301
0.406302
0.406304
0.406306
0.406308
0.406309
0.406309
0.406309
0.406311
0.406315
0.406316
0.406317
0.40632
0.406322
0.406322
0.406323
0.406325
0.406326
0.406328
0.406328
0.40633
0.406331
0.406332
0.406333
0.406335
0.406337
0.406341
0.406344
0.406344
0.406348
0.406349
0.40635
0.40635
0.406353
0.406357
0.406358
0.406359
0.406359
0.406362
0.406364
0.406367
0.406367
0.40637
0.406371
0.406371
0.406371
0.406376
0.406382
0.406382
0.40639
0.406393
0.406394
0.406396
0.406398
0.4064
0.406407
0.406407
0.406408
0.406409
0.406412
0.406414
0.406424
0.406425
0.406428
0.406429
0.406434
0.406435
0.406435
0.406439
0.40644
0.40644
0.406441
0.406446
0.406447
0.406451
0.406454
0.40646
0.40646
0.406462
0.406465
0.406466
0.406468
0.406473
0.406481
0.406483
0.406488
0.40649
0.406491
0.406491
0.406497
0.406497
0.406499
0.406504
0.406504
0.406509
0.406511
0.406513
0.406515
0.406515
0.406516
0.406521
0.406525
0.406534
0.406556
0.406569
0.40657
0.406572
0.406575
0.406579
0.406586
0.406587
0.406587
0.406593
0.408644
0.408693
0.408712
0.408771
0.408787
0.408806
0.408806
0.408817
0.408817
0.408835
0.408843
0.408844
0.408847
0.408853
0.408872
0.408879
0.408883
0.408889
0.408894
0.408895
0.408898
0.408904
0.408904
0.408906
0.408909
0.408916
0.408918
0.40893
0.408935
0.40894
0.408942
0.408955
0.408958
0.408965
0.408972
0.408972
0.408974
0.408981
0.408993
0.409013
0.409014
0.409016
0.409019
0.409033
0.409033
0.409036
0.409047
0.409049
0.409049
0.40905
0.409052
0.409059
0.409061
0.409062
0.409064
0.409067
0.409077
0.409083
0.40909
0.409091
0.409096
0.409101
0.409102
0.409111
0.409113
0.409113
0.409113
0.409119
0.40912
0.409122
0.409129
0.409135
0.409142
0.409142
0.409145
0.409145
0.409147
0.409155
0.409155
0.409156
0.409156
0.409161
0.40917
0.409171
0.409198
0.409198
0.409204
0.409206
0.409207
0.40921
0.409216
0.40922
0.409236
0.409248
0.409248
0.40925
0.409251
0.409252
0.409256
0.409261
0.409264
0.409277
0.409283
0.409284
0.409292
0.409298
0.409301
0.409305
0.409307
0.409308
0.409313
0.409321
0.409325
0.409326
0.409326
0.409341
0.409348
0.409348
0.409358
0.409368
0.409377
0.409378
0.40938
0.409381
0.409388
0.409389
0.40939
0.409394
0.409399
0.409408
0.40941
0.409427
0.409432
0.409432
0.409436
0.409449
0.409471
0.409484
0.409484
0.409487
0.409512
0.409519
0.40952
0.409533
0.409552
0.409561
0.409565
0.409566
0.409572
0.409575
0.409576
0.409576
0.409582
0.409584
0.409585
0.4096
0.409601
0.409605
0.409619
0.40963
0.409645
0.409648
0.409676
0.409691
0.409695
0.409722
0.409775
0.409808
0.409829
0.40983
0.409831
0.409833
0.409867
0.409886
0.409907
0.409911
0.409994
0.410036
0.410043
0.410076
0.410085
0.410218
0.410218
0.410244
0.410401
0.410408
0.410467
0.410677
0.393351
0.393367
0.393373
0.393378
0.393403
0.393411
0.39343
0.393444
0.393459
0.393466
0.39347
0.393478
0.393481
0.393507
0.393535
0.393539
0.39354
0.393544
0.393548
0.393553
0.393556
0.393558
0.393558
0.393567
0.393569
0.393572
0.393573
0.393574
0.393588
0.393596
0.393598
0.393598
0.393601
0.393603
0.393612
0.393615
0.393625
0.393632
0.393632
0.393632
0.393634
0.393635
0.393638
0.393639
0.393641
0.393645
0.39365
0.393652
0.393657
0.393657
0.393662
0.393665
0.393668
0.393673
0.393674
0.393676
0.393679
0.39368
0.393692
0.393697
0.393698
0.393699
0.393704
0.393704
0.393713
0.393718
0.393718
0.39372
0.393723
0.393726
0.393726
0.393728
0.393732
0.393736
0.393738
0.393738
0.393739
0.39374
0.393741
0.393742
0.393746
0.393747
0.39375
0.393756
0.393756
0.393761
0.393764
0.393766
0.393766
0.393771
0.393771
0.393771
0.393777
0.393777
0.393778
0.393779
0.393781
0.393781
0.393783
0.393783
0.393784
0.393785
0.393785
0.393786
0.393787
0.393793
0.393799
0.3938
0.393802
0.393802
0.393803
0.393804
0.393806
0.393807
0.393809
0.393812
0.393815
0.393819
0.39382
0.393822
0.393823
0.393823
0.393824
0.393824
0.393826
0.393827
0.39383
0.39383
0.393832
0.393833
0.393835
0.393836
0.393839
0.39384
0.393841
0.393841
0.393842
0.393843
0.393844
0.393844
0.393846
0.393846
0.393847
0.393847
0.393847
0.39385
0.39385
0.393855
0.393855
0.393856
0.393857
0.393858
0.393859
0.39386
0.393861
0.393863
0.393864
0.393867
0.393868
0.393871
0.393871
0.393873
0.393873
0.393879
0.39388
0.39388
0.393883
0.393883
0.393886
0.393887
0.393887
0.393888
0.393893
0.393895
0.393899
0.393899
0.393899
0.393899
0.393904
0.393904
0.393906
0.393908
0.393909
0.39391
0.393911
0.393913
0.393913
0.393913
0.393913
0.393916
0.393917
0.393917
0.393922
0.393922
0.393927
0.39393
0.393931
0.393932
0.393935
0.393936
0.393942
0.393946
0.393947
0.393948
0.39395
0.393952
0.393952
0.393955
0.393959
0.393962
0.393962
0.393965
0.393973
0.394003
0.394004
0.394008
0.395796
0.395824
0.39584
0.395845
0.395854
0.3959
0.395904
0.39591
0.395926
0.395942
0.395949
0.395955
0.395957
0.39596
0.395972
0.395979
0.395986
0.395991
0.395997
0.395999
0.396
0.396008
0.396014
0.396014
0.39602
0.396025
0.396025
0.396028
0.396031
0.396032
0.396035
0.396041
0.396046
0.396047
0.396047
0.396053
0.396053
0.396055
0.396056
0.396056
0.396057
0.39606
0.396067
0.396072
0.396073
0.396078
0.396082
0.396082
0.396093
0.396095
0.396096
0.396097
0.396104
0.396107
0.396114
0.396116
0.396118
0.396119
0.396134
0.396135
0.396135
0.396147
0.396149
0.396149
0.396152
0.396154
0.396158
0.39617
0.396171
0.396174
0.396181
0.396182
0.396187
0.396189
0.396192
0.396204
0.396204
0.396206
0.396208
0.396211
0.396211
0.396216
0.396216
0.396224
0.396226
0.396228
0.396228
0.396229
0.396239
0.396243
0.396245
0.396247
0.39625
0.396251
0.39627
0.396271
0.396272
0.396273
0.396274
0.396283
0.396285
0.396286
0.396287
0.396288
0.396295
0.396304
0.396308
0.396308
0.39631
0.396314
0.396314
0.396315
0.396318
0.396322
0.396323
0.396324
0.396326
0.396332
0.39634
0.39634
0.396351
0.396352
0.396358
0.396359
0.396361
0.396363
0.396366
0.396384
0.396404
0.396412
0.396414
0.396417
0.396424
0.396435
0.396435
0.396448
0.396453
0.396462
0.396477
0.396483
0.396486
0.396487
0.396487
0.396488
0.396489
0.396501
0.396504
0.396518
0.396526
0.39654
0.396557
0.396561
0.396561
0.396564
0.396564
0.396572
0.39658
0.396603
0.396611
0.396627
0.396637
0.396649
0.396658
0.396671
0.396675
0.396686
0.396687
0.396688
0.396693
0.396694
0.396697
0.396708
0.39671
0.396729
0.396733
0.396756
0.396759
0.39676
0.396769
0.396774
0.396776
0.396789
0.396794
0.396835
0.39684
0.39684
0.396842
0.396847
0.396857
0.396862
0.396886
0.396926
0.396938
0.396977
0.396982
0.397009
0.397087
0.397137
0.397308
0.397401
0.397434
0.404623
0.404632
0.404633
0.404646
0.404658
0.404663
0.404663
0.404664
0.404666
0.404689
0.404692
0.404692
0.404707
0.404715
0.404719
0.404727
0.404734
0.404742
0.404743
0.404748
0.404749
0.40475
0.404756
0.404757
0.404759
0.404774
0.404784
0.404786
0.404791
0.404793
0.404794
0.404794
0.404795
0.404806
0.404818
0.404824
0.404825
0.404826
0.404826
0.40483
0.404833
0.404835
0.404836
0.40484
0.404845
0.404845
0.40485
0.404856
0.404859
0.404866
0.404869
0.40487
0.404871
0.404872
0.404873
0.404877
0.404879
0.404879
0.404882
0.404885
0.404894
0.404896
0.404897
0.404898
0.4049
0.4049
0.404909
0.404911
0.404914
0.404914
0.404916
0.404919
0.404924
0.404934
0.404936
0.404936
0.404942
0.404944
0.404946
0.40495
0.404955
0.404959
0.404963
0.404971
0.404971
0.40498
0.404989
0.40499
0.404991
0.404998
0.405003
0.405016
0.405036
0.405038
0.405047
0.405048
0.405052
0.405058
0.405065
0.405067
0.405072
0.405074
0.405075
0.405079
0.405081
0.405085
0.405087
0.405093
0.4051
0.405107
0.405109
0.405109
0.405116
0.405121
0.405121
0.405125
0.40513
0.405132
0.405143
0.405145
0.405146
0.405148
0.405158
0.405158
0.405159
0.405169
0.405184
0.405188
0.405196
0.405204
0.405207
0.40521
0.405211
0.405217
0.405217
0.405223
0.405227
0.405227
0.40523
0.405232
0.405233
0.405243
0.405243
0.40525
0.405257
0.405258
0.405272
0.405279
0.405279
0.40529
0.40529
0.405297
0.405301
0.405302
0.405309
0.405315
0.405332
0.405332
0.405342
0.405347
0.405365
0.405366
0.405367
0.405379
0.405382
0.405388
0.405398
0.4054
0.405401
0.405414
0.405418
0.405445
0.40546
0.405465
0.405474
0.405476
0.405481
0.40549
0.405518
0.405539
0.405558
0.405589
0.405595
0.405629
0.405671
0.405707
0.405718
0.405727
0.405731
0.405738
0.405753
0.405756
0.405774
0.405814
0.405825
0.405856
0.405867
0.405898
0.405915
0.405932
0.405939
0.405945
0.40595
0.405951
0.405952
0.405962
0.405963
0.405969
0.405991
0.405994
0.406
0.406012
0.406016
0.406023
0.406028
0.406031
0.406036
0.406036
0.406047
0.406055
0.406058
0.40606
0.406064
0.406065
0.40607
0.406071
0.406083
0.406083
0.406099
0.406114
0.406116
0.406116
0.406122
0.406124
0.406126
0.406127
0.406149
0.40615
0.406151
0.406153
0.406154
0.406158
0.40616
0.40616
0.406162
0.406171
0.406174
0.406176
0.406177
0.406186
0.406192
0.406194
0.406195
0.406198
0.406199
0.406203
0.40621
0.406211
0.406212
0.406213
0.406216
0.406218
0.406223
0.406225
0.406226
0.406228
0.406228
0.40623
0.406234
0.406237
0.406243
0.406246
0.406252
0.406257
0.406257
0.406261
0.406261
0.406263
0.406279
0.40628
0.406282
0.406285
0.406292
0.406294
0.406295
0.406298
0.4063
0.4063
0.406301
0.406301
0.406302
0.406307
0.406307
0.406308
0.406311
0.406314
0.406314
0.406314
0.406317
0.406318
0.406319
0.406319
0.406322
0.406322
0.406324
0.406325
0.406326
0.406329
0.406333
0.406335
0.406336
0.40634
0.406341
0.406341
0.406341
0.406345
0.406349
0.406349
0.406351
0.406351
0.406354
0.406356
0.406359
0.406359
0.406362
0.406362
0.406363
0.406363
0.406367
0.406373
0.406373
0.406381
0.406385
0.406385
0.406388
0.40639
0.406391
0.406398
0.406398
0.4064
0.4064
0.406403
0.406405
0.406415
0.406416
0.406419
0.40642
0.406425
0.406426
0.406427
0.406431
0.406431
0.406432
0.406433
0.406438
0.406439
0.406442
0.406445
0.406452
0.406452
0.406454
0.406456
0.406457
0.406459
0.406464
0.406472
0.406475
0.40648
0.406481
0.406482
0.406482
0.406488
0.406489
0.40649
0.406495
0.406496
0.4065
0.406503
0.406504
0.406506
0.406506
0.406507
0.406512
0.406516
0.406526
0.406548
0.406561
0.406562
0.406563
0.406567
0.406571
0.406578
0.406579
0.406579
0.406585
0.408637
0.408686
0.408705
0.408764
0.40878
0.408799
0.408799
0.40881
0.40881
0.408828
0.408836
0.408837
0.408839
0.408846
0.408864
0.408871
0.408876
0.408882
0.408887
0.408888
0.408891
0.408897
0.408897
0.408899
0.408902
0.408909
0.40891
0.408923
0.408928
0.408933
0.408935
0.408947
0.408951
0.408958
0.408964
0.408965
0.408967
0.408973
0.408986
0.409006
0.409007
0.409009
0.409012
0.409025
0.409026
0.409029
0.40904
0.409042
0.409042
0.409042
0.409045
0.409052
0.409054
0.409055
0.409057
0.40906
0.40907
0.409076
0.409083
0.409083
0.409088
0.409094
0.409095
0.409104
0.409105
0.409106
0.409106
0.409112
0.409112
0.409115
0.409122
0.409128
0.409134
0.409135
0.409138
0.409138
0.40914
0.409147
0.409148
0.409148
0.409149
0.409154
0.409163
0.409164
0.409191
0.409191
0.409197
0.409199
0.4092
0.409203
0.409209
0.409213
0.409229
0.409241
0.409241
0.409243
0.409244
0.409244
0.409249
0.409254
0.409257
0.40927
0.409276
0.409277
0.409285
0.40929
0.409294
0.409298
0.4093
0.4093
0.409305
0.409313
0.409317
0.409318
0.409319
0.409334
0.40934
0.409341
0.409351
0.409361
0.40937
0.409371
0.409373
0.409373
0.409381
0.409382
0.409383
0.409387
0.409391
0.409401
0.409403
0.409419
0.409424
0.409425
0.409428
0.409442
0.409463
0.409476
0.409477
0.40948
0.409505
0.409511
0.409512
0.409526
0.409545
0.409553
0.409558
0.409558
0.409565
0.409567
0.409568
0.409569
0.409575
0.409576
0.409578
0.409593
0.409594
0.409597
0.409612
0.409623
0.409638
0.409641
0.409668
0.409684
0.409687
0.409715
0.409767
0.409801
0.409822
0.409822
0.409823
0.409826
0.40986
0.409879
0.4099
0.409904
0.409986
0.410029
0.410036
0.410069
0.410078
0.41021
0.410211
0.410237
0.410393
0.4104
0.410459
0.410669
0.393348
0.393365
0.39337
0.393376
0.3934
0.393409
0.393428
0.393442
0.393457
0.393464
0.393467
0.393475
0.393479
0.393505
0.393533
0.393537
0.393538
0.393542
0.393545
0.393551
0.393553
0.393555
0.393556
0.393565
0.393567
0.393569
0.393571
0.393572
0.393586
0.393594
0.393595
0.393596
0.393599
0.393601
0.39361
0.393613
0.393623
0.39363
0.39363
0.39363
0.393632
0.393633
0.393635
0.393636
0.393639
0.393643
0.393648
0.39365
0.393655
0.393655
0.39366
0.393663
0.393666
0.393671
0.393672
0.393674
0.393676
0.393678
0.39369
0.393695
0.393696
0.393697
0.393702
0.393702
0.393711
0.393716
0.393716
0.393718
0.393721
0.393724
0.393724
0.393726
0.39373
0.393734
0.393736
0.393736
0.393737
0.393738
0.393739
0.39374
0.393744
0.393745
0.393748
0.393754
0.393754
0.393759
0.393762
0.393764
0.393764
0.393769
0.393769
0.393769
0.393775
0.393775
0.393776
0.393777
0.393779
0.393779
0.393781
0.393781
0.393782
0.393783
0.393783
0.393784
0.393785
0.393791
0.393797
0.393798
0.3938
0.3938
0.393801
0.393802
0.393804
0.393805
0.393807
0.39381
0.393813
0.393817
0.393818
0.39382
0.393821
0.393821
0.393822
0.393822
0.393824
0.393825
0.393828
0.393828
0.39383
0.393831
0.393833
0.393834
0.393837
0.393838
0.393839
0.393839
0.39384
0.393841
0.393842
0.393842
0.393844
0.393844
0.393845
0.393845
0.393845
0.393848
0.393848
0.393853
0.393853
0.393854
0.393855
0.393856
0.393857
0.393858
0.393859
0.393861
0.393862
0.393866
0.393867
0.393869
0.393869
0.393871
0.393872
0.393877
0.393878
0.393879
0.393881
0.393881
0.393884
0.393885
0.393885
0.393886
0.393891
0.393893
0.393897
0.393897
0.393897
0.393897
0.393902
0.393902
0.393905
0.393906
0.393907
0.393908
0.39391
0.393911
0.393911
0.393911
0.393911
0.393914
0.393915
0.393915
0.39392
0.39392
0.393925
0.393929
0.393929
0.39393
0.393933
0.393934
0.39394
0.393944
0.393945
0.393946
0.393948
0.39395
0.39395
0.393953
0.393957
0.39396
0.39396
0.393963
0.393971
0.394001
0.394003
0.394007
0.395799
0.395826
0.395843
0.395848
0.395857
0.395902
0.395906
0.395913
0.395929
0.395945
0.395951
0.395957
0.395959
0.395962
0.395975
0.395982
0.395988
0.395994
0.395999
0.396002
0.396003
0.39601
0.396016
0.396016
0.396023
0.396027
0.396028
0.396031
0.396034
0.396035
0.396038
0.396044
0.396049
0.396049
0.39605
0.396055
0.396056
0.396058
0.396058
0.396059
0.39606
0.396062
0.39607
0.396075
0.396075
0.396081
0.396084
0.396084
0.396096
0.396098
0.396099
0.396099
0.396107
0.396109
0.396116
0.396118
0.39612
0.396122
0.396136
0.396138
0.396138
0.396149
0.396151
0.396152
0.396155
0.396156
0.396161
0.396172
0.396174
0.396177
0.396183
0.396184
0.39619
0.396192
0.396195
0.396206
0.396206
0.396209
0.39621
0.396214
0.396214
0.396218
0.396219
0.396227
0.396228
0.39623
0.396231
0.396232
0.396241
0.396246
0.396248
0.39625
0.396253
0.396254
0.396272
0.396274
0.396275
0.396276
0.396276
0.396285
0.396287
0.396288
0.396289
0.396291
0.396297
0.396307
0.39631
0.396311
0.396313
0.396316
0.396317
0.396317
0.39632
0.396325
0.396325
0.396326
0.396329
0.396335
0.396342
0.396342
0.396354
0.396354
0.39636
0.396361
0.396363
0.396366
0.396368
0.396387
0.396406
0.396414
0.396416
0.39642
0.396426
0.396437
0.396438
0.39645
0.396456
0.396465
0.396479
0.396485
0.396488
0.396489
0.396489
0.396491
0.396491
0.396504
0.396506
0.39652
0.396528
0.396543
0.396559
0.396563
0.396563
0.396566
0.396567
0.396574
0.396583
0.396605
0.396614
0.396629
0.39664
0.396651
0.39666
0.396673
0.396677
0.396689
0.396689
0.39669
0.396695
0.396696
0.396699
0.39671
0.396712
0.396732
0.396736
0.396759
0.396761
0.396762
0.396771
0.396776
0.396778
0.396791
0.396797
0.396837
0.396842
0.396843
0.396844
0.396849
0.396859
0.396864
0.396888
0.396928
0.39694
0.39698
0.396984
0.397011
0.397089
0.397139
0.39731
0.397403
0.397436
0.404617
0.404626
0.404626
0.40464
0.404652
0.404657
0.404657
0.404657
0.40466
0.404683
0.404686
0.404686
0.404701
0.404709
0.404713
0.404721
0.404728
0.404736
0.404737
0.404742
0.404743
0.404744
0.40475
0.404751
0.404752
0.404767
0.404778
0.40478
0.404784
0.404787
0.404787
0.404788
0.404789
0.4048
0.404812
0.404818
0.404819
0.404819
0.40482
0.404824
0.404827
0.404829
0.40483
0.404834
0.404839
0.404839
0.404844
0.40485
0.404853
0.40486
0.404863
0.404864
0.404865
0.404866
0.404867
0.404871
0.404873
0.404873
0.404876
0.404879
0.404888
0.40489
0.404891
0.404891
0.404893
0.404894
0.404902
0.404905
0.404907
0.404908
0.40491
0.404912
0.404918
0.404928
0.40493
0.40493
0.404936
0.404938
0.40494
0.404943
0.404949
0.404953
0.404956
0.404965
0.404965
0.404973
0.404982
0.404984
0.404985
0.404991
0.404996
0.40501
0.40503
0.405032
0.405041
0.405042
0.405046
0.405051
0.405059
0.405061
0.405066
0.405067
0.405069
0.405072
0.405074
0.405078
0.40508
0.405087
0.405094
0.405101
0.405102
0.405103
0.405109
0.405114
0.405115
0.405118
0.405124
0.405126
0.405137
0.405138
0.40514
0.405141
0.405152
0.405152
0.405153
0.405162
0.405178
0.405182
0.40519
0.405197
0.4052
0.405204
0.405205
0.405211
0.405211
0.405217
0.40522
0.405221
0.405224
0.405225
0.405227
0.405236
0.405237
0.405243
0.40525
0.405251
0.405266
0.405272
0.405273
0.405283
0.405284
0.405291
0.405294
0.405295
0.405302
0.405308
0.405325
0.405326
0.405335
0.40534
0.405358
0.40536
0.40536
0.405373
0.405375
0.405382
0.405392
0.405393
0.405395
0.405408
0.405412
0.405438
0.405453
0.405458
0.405468
0.405469
0.405474
0.405484
0.405512
0.405532
0.405551
0.405582
0.405589
0.405623
0.405664
0.4057
0.405712
0.40572
0.405724
0.405731
0.405746
0.405749
0.405767
0.405807
0.405818
0.405847
0.405861
0.405889
0.405908
0.405923
0.405931
0.405936
0.405941
0.405942
0.405943
0.405953
0.405955
0.405961
0.405982
0.405985
0.405991
0.406003
0.406007
0.406014
0.406019
0.406022
0.406027
0.406027
0.406039
0.406046
0.406049
0.406051
0.406056
0.406056
0.406061
0.406062
0.406074
0.406074
0.40609
0.406105
0.406107
0.406107
0.406113
0.406116
0.406117
0.406118
0.406141
0.406141
0.406143
0.406144
0.406145
0.406149
0.406151
0.406151
0.406153
0.406163
0.406165
0.406168
0.406168
0.406177
0.406184
0.406185
0.406186
0.406189
0.406191
0.406195
0.406202
0.406203
0.406204
0.406204
0.406207
0.40621
0.406214
0.406216
0.406217
0.406219
0.406219
0.406221
0.406226
0.406229
0.406235
0.406237
0.406243
0.406248
0.406248
0.406252
0.406253
0.406254
0.40627
0.406272
0.406273
0.406276
0.406283
0.406285
0.406287
0.406289
0.406291
0.406292
0.406292
0.406292
0.406294
0.406298
0.406299
0.406299
0.406303
0.406305
0.406305
0.406306
0.406308
0.406309
0.406311
0.406311
0.406313
0.406314
0.406315
0.406316
0.406318
0.40632
0.406324
0.406327
0.406327
0.406331
0.406332
0.406332
0.406333
0.406336
0.40634
0.406341
0.406342
0.406342
0.406345
0.406347
0.40635
0.40635
0.406353
0.406354
0.406354
0.406354
0.406358
0.406364
0.406365
0.406373
0.406376
0.406377
0.406379
0.406381
0.406383
0.40639
0.40639
0.406391
0.406392
0.406395
0.406397
0.406406
0.406408
0.406411
0.406412
0.406417
0.406418
0.406418
0.406422
0.406423
0.406423
0.406424
0.406429
0.40643
0.406434
0.406437
0.406443
0.406443
0.406445
0.406448
0.406448
0.40645
0.406456
0.406464
0.406466
0.406471
0.406473
0.406474
0.406474
0.40648
0.40648
0.406482
0.406487
0.406487
0.406492
0.406494
0.406496
0.406497
0.406498
0.406499
0.406504
0.406508
0.406517
0.406539
0.406552
0.406553
0.406555
0.406558
0.406562
0.406569
0.40657
0.40657
0.406576
0.40863
0.408679
0.408698
0.408757
0.408773
0.408792
0.408792
0.408803
0.408803
0.408821
0.408829
0.40883
0.408832
0.408839
0.408857
0.408864
0.408869
0.408875
0.40888
0.408881
0.408884
0.408889
0.40889
0.408892
0.408895
0.408902
0.408903
0.408916
0.408921
0.408925
0.408928
0.40894
0.408944
0.408951
0.408957
0.408957
0.40896
0.408966
0.408979
0.408999
0.409
0.409002
0.409005
0.409018
0.409018
0.409022
0.409032
0.409035
0.409035
0.409035
0.409038
0.409045
0.409047
0.409048
0.40905
0.409053
0.409063
0.409069
0.409076
0.409076
0.409081
0.409087
0.409088
0.409097
0.409098
0.409099
0.409099
0.409105
0.409105
0.409108
0.409115
0.40912
0.409127
0.409128
0.40913
0.409131
0.409133
0.40914
0.40914
0.409141
0.409142
0.409147
0.409155
0.409157
0.409184
0.409184
0.40919
0.409192
0.409193
0.409195
0.409202
0.409206
0.409222
0.409234
0.409234
0.409236
0.409237
0.409237
0.409241
0.409246
0.40925
0.409263
0.409268
0.409269
0.409277
0.409283
0.409287
0.409291
0.409293
0.409293
0.409298
0.409306
0.40931
0.409311
0.409311
0.409327
0.409333
0.409333
0.409344
0.409354
0.409363
0.409363
0.409365
0.409366
0.409373
0.409375
0.409375
0.40938
0.409384
0.409394
0.409396
0.409412
0.409417
0.409417
0.409421
0.409435
0.409456
0.409469
0.40947
0.409473
0.409497
0.409504
0.409505
0.409518
0.409537
0.409546
0.409551
0.409551
0.409557
0.40956
0.409561
0.409562
0.409568
0.409569
0.409571
0.409586
0.409586
0.40959
0.409605
0.409616
0.409631
0.409634
0.409661
0.409676
0.40968
0.409708
0.40976
0.409793
0.409814
0.409815
0.409816
0.409818
0.409853
0.409871
0.409893
0.409896
0.409979
0.410021
0.410028
0.410061
0.41007
0.410203
0.410203
0.410229
0.410386
0.410392
0.410451
0.410661
0.393346
0.393363
0.393368
0.393373
0.393398
0.393406
0.393426
0.39344
0.393455
0.393461
0.393465
0.393473
0.393476
0.393503
0.393531
0.393535
0.393536
0.393539
0.393543
0.393549
0.393551
0.393553
0.393554
0.393563
0.393565
0.393567
0.393568
0.39357
0.393584
0.393592
0.393593
0.393594
0.393597
0.393599
0.393608
0.393611
0.393621
0.393628
0.393628
0.393628
0.39363
0.393631
0.393633
0.393634
0.393637
0.393641
0.393646
0.393648
0.393653
0.393653
0.393658
0.393661
0.393664
0.393669
0.39367
0.393672
0.393674
0.393676
0.393688
0.393693
0.393694
0.393695
0.3937
0.3937
0.393709
0.393714
0.393714
0.393716
0.393719
0.393722
0.393722
0.393724
0.393728
0.393732
0.393734
0.393734
0.393735
0.393736
0.393737
0.393738
0.393742
0.393743
0.393746
0.393752
0.393752
0.393757
0.39376
0.393762
0.393762
0.393767
0.393767
0.393767
0.393773
0.393773
0.393774
0.393775
0.393777
0.393777
0.393779
0.393779
0.39378
0.393781
0.393781
0.393782
0.393783
0.393789
0.393795
0.393796
0.393798
0.393798
0.393799
0.3938
0.393802
0.393803
0.393805
0.393808
0.393811
0.393815
0.393816
0.393818
0.393819
0.393819
0.39382
0.39382
0.393822
0.393823
0.393826
0.393826
0.393828
0.393829
0.393831
0.393832
0.393835
0.393836
0.393837
0.393837
0.393838
0.393839
0.39384
0.39384
0.393842
0.393842
0.393843
0.393843
0.393843
0.393846
0.393846
0.393851
0.393851
0.393852
0.393853
0.393854
0.393855
0.393856
0.393857
0.393859
0.39386
0.393864
0.393865
0.393867
0.393867
0.393869
0.39387
0.393875
0.393876
0.393877
0.393879
0.393879
0.393883
0.393883
0.393883
0.393884
0.393889
0.393891
0.393895
0.393895
0.393895
0.393895
0.3939
0.3939
0.393903
0.393904
0.393905
0.393906
0.393908
0.393909
0.393909
0.393909
0.393909
0.393912
0.393913
0.393913
0.393918
0.393919
0.393923
0.393927
0.393927
0.393928
0.393932
0.393932
0.393939
0.393942
0.393943
0.393944
0.393946
0.393948
0.393948
0.393951
0.393955
0.393958
0.393959
0.393961
0.393969
0.393999
0.394001
0.394005
0.395802
0.395829
0.395846
0.395851
0.39586
0.395905
0.395909
0.395916
0.395932
0.395948
0.395954
0.39596
0.395962
0.395965
0.395978
0.395984
0.395991
0.395997
0.396002
0.396004
0.396005
0.396013
0.396019
0.396019
0.396025
0.39603
0.396031
0.396033
0.396036
0.396038
0.39604
0.396047
0.396051
0.396052
0.396053
0.396058
0.396059
0.39606
0.396061
0.396061
0.396063
0.396065
0.396073
0.396077
0.396078
0.396084
0.396087
0.396087
0.396099
0.396101
0.396101
0.396102
0.39611
0.396112
0.396119
0.396121
0.396123
0.396125
0.396139
0.39614
0.39614
0.396152
0.396154
0.396154
0.396157
0.396159
0.396163
0.396175
0.396176
0.396179
0.396186
0.396187
0.396192
0.396195
0.396197
0.396209
0.396209
0.396211
0.396213
0.396216
0.396217
0.396221
0.396222
0.396229
0.396231
0.396233
0.396233
0.396234
0.396244
0.396248
0.396251
0.396252
0.396255
0.396256
0.396275
0.396277
0.396277
0.396278
0.396279
0.396288
0.39629
0.396291
0.396292
0.396293
0.3963
0.396309
0.396313
0.396313
0.396315
0.396319
0.396319
0.39632
0.396323
0.396327
0.396328
0.396329
0.396331
0.396337
0.396345
0.396345
0.396356
0.396357
0.396363
0.396364
0.396366
0.396368
0.396371
0.396389
0.396409
0.396417
0.396419
0.396422
0.396429
0.39644
0.39644
0.396453
0.396458
0.396467
0.396482
0.396487
0.396491
0.396492
0.396492
0.396493
0.396494
0.396506
0.396509
0.396522
0.396531
0.396545
0.396562
0.396565
0.396565
0.396569
0.396569
0.396577
0.396585
0.396608
0.396616
0.396632
0.396642
0.396653
0.396662
0.396675
0.396679
0.396691
0.396692
0.396692
0.396698
0.396698
0.396701
0.396712
0.396715
0.396734
0.396738
0.396761
0.396764
0.396764
0.396773
0.396778
0.396781
0.396794
0.396799
0.396839
0.396844
0.396845
0.396846
0.396851
0.396861
0.396866
0.39689
0.39693
0.396942
0.396982
0.396986
0.397013
0.397091
0.397141
0.397312
0.397405
0.397437
0.404611
0.40462
0.40462
0.404634
0.404646
0.404651
0.404651
0.404651
0.404654
0.404677
0.404679
0.40468
0.404695
0.404702
0.404707
0.404715
0.404722
0.40473
0.404731
0.404736
0.404737
0.404738
0.404744
0.404745
0.404746
0.404761
0.404772
0.404774
0.404778
0.40478
0.404781
0.404782
0.404783
0.404793
0.404805
0.404812
0.404812
0.404813
0.404813
0.404817
0.40482
0.404822
0.404824
0.404827
0.404832
0.404833
0.404838
0.404844
0.404847
0.404854
0.404856
0.404857
0.404859
0.404859
0.404861
0.404865
0.404866
0.404867
0.40487
0.404873
0.404881
0.404884
0.404885
0.404885
0.404887
0.404888
0.404896
0.404899
0.404901
0.404902
0.404904
0.404906
0.404911
0.404922
0.404924
0.404924
0.404929
0.404932
0.404933
0.404937
0.404942
0.404947
0.40495
0.404959
0.404959
0.404967
0.404976
0.404978
0.404979
0.404985
0.40499
0.405004
0.405024
0.405026
0.405035
0.405035
0.40504
0.405045
0.405053
0.405054
0.40506
0.405061
0.405063
0.405066
0.405068
0.405072
0.405074
0.40508
0.405087
0.405094
0.405096
0.405097
0.405103
0.405108
0.405109
0.405112
0.405117
0.405119
0.405131
0.405132
0.405134
0.405135
0.405145
0.405145
0.405146
0.405156
0.405172
0.405176
0.405184
0.405191
0.405194
0.405197
0.405198
0.405204
0.405205
0.40521
0.405214
0.405214
0.405217
0.405219
0.40522
0.40523
0.40523
0.405237
0.405244
0.405245
0.405259
0.405266
0.405266
0.405277
0.405277
0.405284
0.405288
0.405289
0.405296
0.405302
0.405319
0.405319
0.405329
0.405334
0.405352
0.405353
0.405354
0.405366
0.405369
0.405375
0.405385
0.405387
0.405388
0.405401
0.405405
0.405432
0.405447
0.405452
0.405461
0.405463
0.405468
0.405477
0.405505
0.405526
0.405545
0.405575
0.405582
0.405616
0.405658
0.405693
0.405705
0.405713
0.405718
0.405724
0.405739
0.405743
0.405761
0.4058
0.405811
0.405838
0.405854
0.40588
0.405901
0.405914
0.405922
0.405927
0.405933
0.405933
0.405934
0.405945
0.405946
0.405952
0.405973
0.405976
0.405983
0.405994
0.405999
0.406005
0.40601
0.406013
0.406018
0.406019
0.40603
0.406038
0.40604
0.406043
0.406047
0.406048
0.406052
0.406054
0.406065
0.406066
0.406082
0.406096
0.406098
0.406098
0.406104
0.406107
0.406108
0.406109
0.406132
0.406132
0.406134
0.406135
0.406137
0.406141
0.406143
0.406143
0.406144
0.406154
0.406156
0.406159
0.40616
0.406169
0.406175
0.406177
0.406177
0.406181
0.406182
0.406186
0.406193
0.406194
0.406195
0.406196
0.406199
0.406201
0.406205
0.406208
0.406208
0.406211
0.406211
0.406213
0.406217
0.40622
0.406226
0.406228
0.406235
0.406239
0.40624
0.406243
0.406244
0.406246
0.406261
0.406263
0.406265
0.406267
0.406275
0.406276
0.406278
0.40628
0.406283
0.406283
0.406283
0.406284
0.406285
0.40629
0.40629
0.406291
0.406294
0.406297
0.406297
0.406297
0.406299
0.406301
0.406302
0.406302
0.406305
0.406305
0.406306
0.406308
0.406309
0.406312
0.406315
0.406318
0.406319
0.406323
0.406324
0.406324
0.406324
0.406328
0.406332
0.406332
0.406333
0.406334
0.406337
0.406338
0.406341
0.406342
0.406345
0.406345
0.406345
0.406346
0.40635
0.406356
0.406356
0.406364
0.406368
0.406368
0.406371
0.406373
0.406374
0.406381
0.406381
0.406382
0.406383
0.406386
0.406388
0.406398
0.406399
0.406402
0.406403
0.406408
0.406409
0.406409
0.406414
0.406414
0.406415
0.406416
0.406421
0.406422
0.406425
0.406428
0.406435
0.406435
0.406437
0.406439
0.40644
0.406442
0.406447
0.406455
0.406458
0.406463
0.406464
0.406465
0.406465
0.406471
0.406472
0.406473
0.406478
0.406479
0.406483
0.406486
0.406487
0.406489
0.406489
0.40649
0.406495
0.406499
0.406509
0.406531
0.406544
0.406545
0.406546
0.40655
0.406554
0.406561
0.406562
0.406562
0.406568
0.408623
0.408672
0.408691
0.40875
0.408766
0.408785
0.408785
0.408795
0.408796
0.408814
0.408822
0.408823
0.408825
0.408832
0.40885
0.408857
0.408862
0.408868
0.408873
0.408874
0.408877
0.408882
0.408883
0.408885
0.408888
0.408895
0.408896
0.408909
0.408914
0.408918
0.408921
0.408933
0.408937
0.408944
0.40895
0.40895
0.408953
0.408959
0.408972
0.408992
0.408993
0.408995
0.408997
0.409011
0.409011
0.409015
0.409025
0.409028
0.409028
0.409028
0.409031
0.409037
0.40904
0.409041
0.409043
0.409046
0.409056
0.409062
0.409069
0.409069
0.409074
0.40908
0.40908
0.40909
0.409091
0.409091
0.409092
0.409098
0.409098
0.409101
0.409108
0.409113
0.40912
0.409121
0.409123
0.409124
0.409126
0.409133
0.409133
0.409134
0.409134
0.40914
0.409148
0.40915
0.409177
0.409177
0.409183
0.409185
0.409186
0.409188
0.409195
0.409199
0.409215
0.409227
0.409227
0.409228
0.40923
0.40923
0.409234
0.409239
0.409242
0.409256
0.409261
0.409262
0.40927
0.409276
0.40928
0.409284
0.409285
0.409286
0.409291
0.409299
0.409303
0.409304
0.409304
0.409319
0.409326
0.409326
0.409337
0.409347
0.409355
0.409356
0.409358
0.409359
0.409366
0.409368
0.409368
0.409372
0.409377
0.409387
0.409388
0.409405
0.40941
0.40941
0.409414
0.409427
0.409449
0.409462
0.409463
0.409465
0.40949
0.409497
0.409498
0.409511
0.40953
0.409539
0.409543
0.409544
0.40955
0.409553
0.409554
0.409555
0.40956
0.409562
0.409563
0.409579
0.409579
0.409583
0.409597
0.409609
0.409623
0.409626
0.409654
0.409669
0.409673
0.4097
0.409753
0.409786
0.409807
0.409807
0.409808
0.409811
0.409845
0.409864
0.409885
0.409889
0.409971
0.410014
0.410021
0.410054
0.410063
0.410195
0.410195
0.410222
0.410378
0.410385
0.410444
0.410654
0.393344
0.393361
0.393366
0.393371
0.393396
0.393404
0.393424
0.393437
0.393453
0.393459
0.393463
0.393471
0.393474
0.393501
0.393529
0.393533
0.393534
0.393537
0.393541
0.393547
0.393549
0.393551
0.393552
0.393561
0.393562
0.393565
0.393566
0.393567
0.393582
0.39359
0.393591
0.393592
0.393595
0.393596
0.393606
0.393609
0.393619
0.393626
0.393626
0.393626
0.393628
0.393629
0.393631
0.393632
0.393634
0.393639
0.393644
0.393646
0.393651
0.393651
0.393656
0.393659
0.393662
0.393667
0.393668
0.39367
0.393672
0.393674
0.393686
0.393691
0.393692
0.393693
0.393698
0.393698
0.393707
0.393712
0.393712
0.393714
0.393717
0.39372
0.39372
0.393722
0.393726
0.39373
0.393732
0.393732
0.393733
0.393734
0.393735
0.393736
0.39374
0.393741
0.393744
0.39375
0.39375
0.393755
0.393758
0.39376
0.39376
0.393764
0.393765
0.393765
0.393771
0.393771
0.393772
0.393773
0.393775
0.393775
0.393777
0.393777
0.393778
0.393779
0.393779
0.39378
0.393781
0.393787
0.393793
0.393794
0.393796
0.393796
0.393797
0.393798
0.3938
0.393801
0.393803
0.393806
0.393809
0.393813
0.393814
0.393816
0.393817
0.393818
0.393818
0.393818
0.393821
0.393821
0.393824
0.393824
0.393826
0.393827
0.393829
0.39383
0.393833
0.393834
0.393835
0.393835
0.393836
0.393837
0.393838
0.393839
0.39384
0.39384
0.393841
0.393841
0.393841
0.393844
0.393844
0.393849
0.39385
0.39385
0.393851
0.393852
0.393853
0.393854
0.393855
0.393857
0.393859
0.393862
0.393863
0.393865
0.393865
0.393867
0.393868
0.393873
0.393874
0.393875
0.393877
0.393877
0.393881
0.393881
0.393881
0.393882
0.393887
0.393889
0.393893
0.393893
0.393894
0.393894
0.393898
0.393899
0.393901
0.393902
0.393903
0.393904
0.393906
0.393907
0.393907
0.393907
0.393907
0.39391
0.393912
0.393912
0.393916
0.393917
0.393921
0.393925
0.393925
0.393926
0.39393
0.39393
0.393937
0.39394
0.393941
0.393942
0.393945
0.393946
0.393946
0.393949
0.393954
0.393957
0.393957
0.393959
0.393967
0.393998
0.393999
0.394003
0.395805
0.395832
0.395848
0.395854
0.395863
0.395908
0.395912
0.395918
0.395935
0.395951
0.395957
0.395963
0.395965
0.395968
0.395981
0.395987
0.395994
0.395999
0.396005
0.396007
0.396008
0.396016
0.396022
0.396022
0.396028
0.396033
0.396034
0.396036
0.396039
0.39604
0.396043
0.39605
0.396054
0.396055
0.396055
0.396061
0.396062
0.396063
0.396064
0.396064
0.396066
0.396068
0.396075
0.39608
0.396081
0.396086
0.39609
0.39609
0.396101
0.396103
0.396104
0.396105
0.396112
0.396115
0.396121
0.396123
0.396126
0.396127
0.396141
0.396143
0.396143
0.396155
0.396156
0.396157
0.39616
0.396162
0.396166
0.396177
0.396179
0.396182
0.396189
0.396189
0.396195
0.396197
0.3962
0.396211
0.396211
0.396214
0.396215
0.396219
0.396219
0.396223
0.396224
0.396232
0.396233
0.396235
0.396236
0.396237
0.396246
0.396251
0.396253
0.396255
0.396258
0.396259
0.396277
0.396279
0.39628
0.396281
0.396281
0.396291
0.396292
0.396294
0.396294
0.396296
0.396302
0.396312
0.396315
0.396316
0.396318
0.396321
0.396322
0.396322
0.396325
0.39633
0.39633
0.396331
0.396334
0.39634
0.396347
0.396347
0.396359
0.396359
0.396365
0.396366
0.396368
0.396371
0.396373
0.396392
0.396411
0.396419
0.396421
0.396425
0.396431
0.396442
0.396442
0.396455
0.39646
0.39647
0.396484
0.39649
0.396493
0.396494
0.396494
0.396496
0.396496
0.396509
0.396511
0.396525
0.396533
0.396547
0.396564
0.396568
0.396568
0.396571
0.396572
0.396579
0.396587
0.39661
0.396618
0.396634
0.396644
0.396656
0.396665
0.396678
0.396682
0.396693
0.396694
0.396694
0.3967
0.396701
0.396704
0.396715
0.396717
0.396736
0.39674
0.396763
0.396766
0.396767
0.396775
0.396781
0.396783
0.396796
0.396801
0.396842
0.396846
0.396847
0.396848
0.396853
0.396864
0.396868
0.396893
0.396932
0.396945
0.396984
0.396989
0.397016
0.397093
0.397143
0.397314
0.397407
0.397439
0.404605
0.404614
0.404614
0.404628
0.40464
0.404644
0.404645
0.404645
0.404647
0.404671
0.404673
0.404674
0.404688
0.404696
0.404701
0.404709
0.404716
0.404723
0.404724
0.404729
0.404731
0.404732
0.404738
0.404738
0.40474
0.404755
0.404766
0.404768
0.404772
0.404774
0.404775
0.404776
0.404777
0.404787
0.404799
0.404806
0.404806
0.404807
0.404807
0.404811
0.404814
0.404816
0.404818
0.404821
0.404826
0.404827
0.404832
0.404837
0.404841
0.404848
0.40485
0.404851
0.404852
0.404853
0.404855
0.404858
0.40486
0.40486
0.404864
0.404867
0.404875
0.404878
0.404879
0.404879
0.404881
0.404882
0.40489
0.404892
0.404895
0.404896
0.404898
0.4049
0.404905
0.404915
0.404917
0.404917
0.404923
0.404926
0.404927
0.404931
0.404936
0.404941
0.404944
0.404952
0.404952
0.404961
0.40497
0.404971
0.404972
0.404979
0.404984
0.404997
0.405017
0.405019
0.405028
0.405029
0.405034
0.405039
0.405047
0.405048
0.405053
0.405055
0.405056
0.40506
0.405062
0.405066
0.405068
0.405074
0.405081
0.405088
0.40509
0.40509
0.405097
0.405102
0.405102
0.405106
0.405111
0.405113
0.405124
0.405126
0.405127
0.405129
0.405139
0.405139
0.40514
0.405149
0.405165
0.405169
0.405177
0.405184
0.405188
0.405191
0.405192
0.405198
0.405198
0.405204
0.405208
0.405208
0.405211
0.405213
0.405214
0.405224
0.405224
0.40523
0.405237
0.405238
0.405253
0.405259
0.40526
0.405271
0.405271
0.405278
0.405281
0.405283
0.405289
0.405295
0.405313
0.405313
0.405323
0.405328
0.405346
0.405347
0.405347
0.40536
0.405363
0.405369
0.405379
0.40538
0.405382
0.405395
0.405399
0.405426
0.40544
0.405445
0.405455
0.405456
0.405461
0.405471
0.405499
0.405519
0.405538
0.405569
0.405576
0.40561
0.405651
0.405687
0.405698
0.405707
0.405711
0.405718
0.405733
0.405736
0.405754
0.405794
0.405805
0.405829
0.405847
0.405871
0.405894
0.405905
0.405913
0.405918
0.405924
0.405924
0.405926
0.405936
0.405937
0.405943
0.405965
0.405968
0.405974
0.405986
0.40599
0.405997
0.406002
0.406005
0.40601
0.40601
0.406021
0.406029
0.406031
0.406034
0.406038
0.406039
0.406044
0.406045
0.406057
0.406057
0.406073
0.406088
0.406089
0.40609
0.406095
0.406099
0.4061
0.406101
0.406123
0.406124
0.406125
0.406127
0.406128
0.406132
0.406134
0.406134
0.406136
0.406145
0.406148
0.406151
0.406151
0.40616
0.406167
0.406168
0.406169
0.406172
0.406174
0.406178
0.406185
0.406186
0.406187
0.406187
0.40619
0.406192
0.406197
0.406199
0.4062
0.406202
0.406202
0.406204
0.406209
0.406211
0.406218
0.40622
0.406226
0.406231
0.406231
0.406235
0.406235
0.406237
0.406253
0.406254
0.406256
0.406259
0.406266
0.406268
0.40627
0.406272
0.406274
0.406275
0.406275
0.406275
0.406276
0.406281
0.406281
0.406282
0.406286
0.406288
0.406288
0.406288
0.406291
0.406292
0.406294
0.406294
0.406296
0.406297
0.406298
0.406299
0.406301
0.406303
0.406307
0.40631
0.40631
0.406314
0.406315
0.406315
0.406316
0.406319
0.406323
0.406323
0.406325
0.406325
0.406328
0.40633
0.406333
0.406333
0.406336
0.406337
0.406337
0.406337
0.406341
0.406347
0.406348
0.406356
0.406359
0.40636
0.406362
0.406364
0.406366
0.406373
0.406373
0.406374
0.406375
0.406378
0.40638
0.406389
0.406391
0.406394
0.406395
0.4064
0.406401
0.406401
0.406405
0.406406
0.406406
0.406407
0.406412
0.406413
0.406417
0.40642
0.406426
0.406426
0.406428
0.406431
0.406431
0.406433
0.406439
0.406447
0.406449
0.406454
0.406456
0.406457
0.406457
0.406463
0.406463
0.406465
0.40647
0.40647
0.406475
0.406477
0.406479
0.40648
0.406481
0.406482
0.406487
0.406491
0.4065
0.406522
0.406536
0.406536
0.406538
0.406542
0.406545
0.406552
0.406553
0.406553
0.406559
0.408616
0.408665
0.408684
0.408743
0.408759
0.408778
0.408778
0.408788
0.408789
0.408807
0.408815
0.408816
0.408818
0.408825
0.408843
0.40885
0.408855
0.408861
0.408866
0.408867
0.40887
0.408875
0.408876
0.408878
0.408881
0.408888
0.408889
0.408902
0.408907
0.408911
0.408914
0.408926
0.40893
0.408937
0.408943
0.408943
0.408946
0.408952
0.408965
0.408985
0.408986
0.408988
0.40899
0.409004
0.409004
0.409008
0.409018
0.409021
0.409021
0.409021
0.409023
0.40903
0.409033
0.409034
0.409036
0.409039
0.409049
0.409055
0.409062
0.409062
0.409067
0.409073
0.409073
0.409083
0.409084
0.409084
0.409084
0.409091
0.409091
0.409093
0.409101
0.409106
0.409113
0.409114
0.409116
0.409117
0.409118
0.409126
0.409126
0.409127
0.409127
0.409133
0.409141
0.409143
0.409169
0.40917
0.409175
0.409178
0.409179
0.409181
0.409188
0.409191
0.409207
0.409219
0.40922
0.409221
0.409222
0.409223
0.409227
0.409232
0.409235
0.409249
0.409254
0.409255
0.409263
0.409269
0.409273
0.409277
0.409278
0.409279
0.409284
0.409292
0.409296
0.409297
0.409297
0.409312
0.409319
0.409319
0.409329
0.40934
0.409348
0.409349
0.409351
0.409352
0.409359
0.40936
0.409361
0.409365
0.40937
0.409379
0.409381
0.409398
0.409403
0.409403
0.409407
0.40942
0.409441
0.409455
0.409455
0.409458
0.409483
0.40949
0.409491
0.409504
0.409523
0.409532
0.409536
0.409536
0.409543
0.409545
0.409546
0.409547
0.409553
0.409555
0.409556
0.409571
0.409572
0.409575
0.40959
0.409601
0.409616
0.409619
0.409646
0.409662
0.409665
0.409693
0.409745
0.409779
0.4098
0.4098
0.409801
0.409804
0.409838
0.409857
0.409878
0.409881
0.409964
0.410007
0.410014
0.410046
0.410055
0.410188
0.410188
0.410214
0.41037
0.410377
0.410436
0.410646
0.393341
0.393358
0.393363
0.393369
0.393394
0.393402
0.393421
0.393435
0.393451
0.393457
0.393461
0.393469
0.393472
0.393498
0.393527
0.393531
0.393532
0.393535
0.393539
0.393545
0.393547
0.393549
0.39355
0.393559
0.39356
0.393563
0.393564
0.393565
0.39358
0.393587
0.393589
0.39359
0.393593
0.393594
0.393604
0.393607
0.393616
0.393624
0.393624
0.393624
0.393626
0.393627
0.393629
0.39363
0.393632
0.393637
0.393642
0.393644
0.393649
0.393649
0.393654
0.393657
0.39366
0.393664
0.393666
0.393668
0.39367
0.393672
0.393684
0.393689
0.39369
0.393691
0.393696
0.393696
0.393705
0.39371
0.39371
0.393712
0.393715
0.393718
0.393718
0.39372
0.393724
0.393728
0.39373
0.39373
0.393731
0.393732
0.393733
0.393734
0.393738
0.39374
0.393742
0.393748
0.393748
0.393753
0.393757
0.393758
0.393758
0.393762
0.393763
0.393763
0.393769
0.393769
0.393771
0.393771
0.393773
0.393773
0.393775
0.393775
0.393777
0.393777
0.393777
0.393778
0.393779
0.393785
0.393791
0.393792
0.393794
0.393794
0.393795
0.393796
0.393798
0.393799
0.393801
0.393804
0.393807
0.393811
0.393812
0.393814
0.393815
0.393816
0.393816
0.393816
0.393819
0.393819
0.393822
0.393822
0.393824
0.393825
0.393828
0.393828
0.393831
0.393832
0.393833
0.393833
0.393834
0.393835
0.393836
0.393837
0.393838
0.393839
0.393839
0.393839
0.393839
0.393842
0.393842
0.393848
0.393848
0.393849
0.393849
0.39385
0.393851
0.393852
0.393853
0.393855
0.393857
0.39386
0.393861
0.393863
0.393863
0.393865
0.393866
0.393871
0.393872
0.393873
0.393875
0.393875
0.393879
0.393879
0.39388
0.39388
0.393885
0.393888
0.393891
0.393891
0.393892
0.393892
0.393896
0.393897
0.393899
0.393901
0.393901
0.393902
0.393904
0.393905
0.393905
0.393905
0.393905
0.393908
0.39391
0.39391
0.393915
0.393915
0.393919
0.393923
0.393923
0.393924
0.393928
0.393928
0.393935
0.393938
0.39394
0.39394
0.393943
0.393944
0.393944
0.393947
0.393952
0.393955
0.393955
0.393957
0.393965
0.393996
0.393997
0.394001
0.395808
0.395835
0.395851
0.395857
0.395866
0.395911
0.395915
0.395921
0.395937
0.395953
0.39596
0.395966
0.395968
0.395971
0.395983
0.39599
0.395996
0.396002
0.396008
0.39601
0.396011
0.396018
0.396025
0.396025
0.396031
0.396036
0.396036
0.396039
0.396042
0.396043
0.396046
0.396052
0.396057
0.396057
0.396058
0.396063
0.396064
0.396066
0.396066
0.396067
0.396068
0.39607
0.396078
0.396083
0.396083
0.396089
0.396092
0.396092
0.396104
0.396106
0.396107
0.396107
0.396115
0.396117
0.396124
0.396126
0.396128
0.39613
0.396144
0.396146
0.396146
0.396157
0.396159
0.396159
0.396163
0.396164
0.396169
0.39618
0.396182
0.396184
0.396191
0.396192
0.396197
0.3962
0.396203
0.396214
0.396214
0.396217
0.396218
0.396221
0.396222
0.396226
0.396227
0.396234
0.396236
0.396238
0.396238
0.39624
0.396249
0.396253
0.396256
0.396258
0.39626
0.396261
0.39628
0.396282
0.396282
0.396283
0.396284
0.396293
0.396295
0.396296
0.396297
0.396298
0.396305
0.396314
0.396318
0.396318
0.39632
0.396324
0.396324
0.396325
0.396328
0.396332
0.396333
0.396334
0.396336
0.396342
0.39635
0.39635
0.396361
0.396362
0.396368
0.396369
0.396371
0.396373
0.396376
0.396394
0.396414
0.396422
0.396424
0.396427
0.396434
0.396444
0.396445
0.396458
0.396463
0.396472
0.396487
0.396492
0.396495
0.396496
0.396496
0.396498
0.396499
0.396511
0.396514
0.396527
0.396535
0.39655
0.396567
0.39657
0.39657
0.396573
0.396574
0.396581
0.39659
0.396612
0.396621
0.396637
0.396647
0.396658
0.396667
0.39668
0.396684
0.396696
0.396696
0.396697
0.396702
0.396703
0.396706
0.396717
0.396719
0.396738
0.396743
0.396765
0.396768
0.396769
0.396778
0.396783
0.396785
0.396798
0.396803
0.396844
0.396848
0.396849
0.396851
0.396856
0.396866
0.39687
0.396895
0.396934
0.396947
0.396986
0.396991
0.397018
0.397095
0.397145
0.397316
0.397409
0.397441
0.404599
0.404608
0.404608
0.404622
0.404634
0.404638
0.404638
0.404639
0.404641
0.404664
0.404667
0.404667
0.404682
0.40469
0.404695
0.404703
0.40471
0.404717
0.404718
0.404723
0.404724
0.404726
0.404732
0.404732
0.404734
0.404749
0.40476
0.404761
0.404766
0.404768
0.404769
0.40477
0.404771
0.404781
0.404793
0.404799
0.4048
0.404801
0.404801
0.404805
0.404808
0.40481
0.404812
0.404815
0.40482
0.404821
0.404825
0.404831
0.404834
0.404841
0.404844
0.404845
0.404846
0.404847
0.404849
0.404852
0.404854
0.404854
0.404857
0.404861
0.404869
0.404871
0.404873
0.404873
0.404875
0.404876
0.404884
0.404886
0.404889
0.404889
0.404891
0.404894
0.404899
0.404909
0.404911
0.404911
0.404917
0.404919
0.404921
0.404925
0.40493
0.404934
0.404937
0.404946
0.404946
0.404955
0.404964
0.404965
0.404966
0.404973
0.404978
0.404991
0.405011
0.405013
0.405022
0.405023
0.405027
0.405032
0.40504
0.405042
0.405047
0.405048
0.40505
0.405053
0.405055
0.40506
0.405061
0.405068
0.405075
0.405082
0.405083
0.405084
0.405091
0.405095
0.405096
0.405099
0.405105
0.405107
0.405118
0.405119
0.405121
0.405122
0.405133
0.405133
0.405134
0.405143
0.405159
0.405163
0.405171
0.405178
0.405181
0.405185
0.405186
0.405192
0.405192
0.405198
0.405201
0.405202
0.405204
0.405206
0.405208
0.405217
0.405218
0.405224
0.405231
0.405232
0.405246
0.405253
0.405253
0.405264
0.405265
0.405272
0.405275
0.405276
0.405283
0.405289
0.405306
0.405306
0.405316
0.405321
0.405339
0.40534
0.405341
0.405353
0.405356
0.405362
0.405372
0.405374
0.405375
0.405389
0.405392
0.405419
0.405434
0.405439
0.405448
0.40545
0.405455
0.405465
0.405492
0.405513
0.405532
0.405562
0.405569
0.405603
0.405645
0.40568
0.405692
0.4057
0.405704
0.405711
0.405726
0.40573
0.405748
0.405787
0.405798
0.405821
0.405841
0.405863
0.405888
0.405897
0.405905
0.40591
0.405915
0.405916
0.405917
0.405927
0.405929
0.405935
0.405956
0.405959
0.405965
0.405977
0.405981
0.405988
0.405993
0.405996
0.406001
0.406001
0.406012
0.40602
0.406023
0.406025
0.40603
0.40603
0.406035
0.406036
0.406048
0.406049
0.406064
0.406079
0.406081
0.406081
0.406087
0.40609
0.406091
0.406092
0.406115
0.406115
0.406117
0.406118
0.40612
0.406124
0.406125
0.406126
0.406127
0.406137
0.406139
0.406142
0.406143
0.406151
0.406158
0.40616
0.40616
0.406163
0.406165
0.406169
0.406176
0.406177
0.406178
0.406178
0.406181
0.406184
0.406188
0.40619
0.406191
0.406193
0.406194
0.406195
0.4062
0.406203
0.406209
0.406211
0.406217
0.406222
0.406222
0.406226
0.406227
0.406229
0.406244
0.406246
0.406247
0.40625
0.406258
0.406259
0.406261
0.406263
0.406266
0.406266
0.406266
0.406267
0.406268
0.406273
0.406273
0.406273
0.406277
0.40628
0.40628
0.40628
0.406282
0.406284
0.406285
0.406285
0.406287
0.406288
0.406289
0.406291
0.406292
0.406295
0.406298
0.406301
0.406302
0.406306
0.406307
0.406307
0.406307
0.406311
0.406314
0.406315
0.406316
0.406317
0.406319
0.406321
0.406325
0.406325
0.406328
0.406328
0.406328
0.406329
0.406333
0.406339
0.406339
0.406347
0.406351
0.406351
0.406354
0.406356
0.406357
0.406364
0.406364
0.406365
0.406366
0.406369
0.406371
0.406381
0.406382
0.406385
0.406386
0.406391
0.406392
0.406392
0.406397
0.406397
0.406398
0.406399
0.406404
0.406405
0.406408
0.406411
0.406418
0.406418
0.40642
0.406422
0.406423
0.406425
0.40643
0.406438
0.406441
0.406446
0.406447
0.406448
0.406448
0.406454
0.406455
0.406456
0.406461
0.406462
0.406466
0.406469
0.40647
0.406472
0.406472
0.406473
0.406478
0.406482
0.406492
0.406514
0.406527
0.406528
0.40653
0.406533
0.406537
0.406544
0.406545
0.406545
0.406551
0.408609
0.408659
0.408678
0.408736
0.408752
0.408771
0.408771
0.408782
0.408782
0.4088
0.408808
0.408809
0.408811
0.408818
0.408836
0.408843
0.408848
0.408854
0.408859
0.40886
0.408863
0.408868
0.408869
0.408871
0.408874
0.408881
0.408882
0.408895
0.4089
0.408904
0.408907
0.408919
0.408922
0.40893
0.408936
0.408936
0.408939
0.408945
0.408958
0.408978
0.408979
0.408981
0.408983
0.408997
0.408997
0.409001
0.409011
0.409014
0.409014
0.409014
0.409016
0.409023
0.409026
0.409027
0.409029
0.409031
0.409042
0.409048
0.409054
0.409055
0.40906
0.409065
0.409066
0.409076
0.409077
0.409077
0.409077
0.409084
0.409084
0.409086
0.409094
0.409099
0.409106
0.409107
0.409109
0.409109
0.409111
0.409119
0.409119
0.40912
0.40912
0.409126
0.409134
0.409135
0.409162
0.409163
0.409168
0.409171
0.409172
0.409174
0.409181
0.409184
0.4092
0.409212
0.409212
0.409214
0.409215
0.409216
0.40922
0.409225
0.409228
0.409242
0.409247
0.409248
0.409256
0.409262
0.409265
0.409269
0.409271
0.409271
0.409277
0.409285
0.409289
0.40929
0.40929
0.409305
0.409312
0.409312
0.409322
0.409332
0.409341
0.409342
0.409344
0.409344
0.409352
0.409353
0.409354
0.409358
0.409362
0.409372
0.409374
0.40939
0.409395
0.409396
0.409399
0.409413
0.409434
0.409447
0.409448
0.409451
0.409475
0.409482
0.409483
0.409497
0.409516
0.409524
0.409529
0.409529
0.409536
0.409538
0.409539
0.40954
0.409546
0.409547
0.409549
0.409564
0.409564
0.409568
0.409583
0.409594
0.409609
0.409612
0.409639
0.409654
0.409658
0.409686
0.409738
0.409771
0.409792
0.409793
0.409794
0.409796
0.409831
0.409849
0.40987
0.409874
0.409956
0.409999
0.410006
0.410039
0.410048
0.41018
0.41018
0.410207
0.410363
0.41037
0.410429
0.410639
0.393339
0.393356
0.393361
0.393366
0.393391
0.3934
0.393419
0.393433
0.393448
0.393455
0.393459
0.393467
0.39347
0.393496
0.393524
0.393529
0.393529
0.393533
0.393537
0.393543
0.393545
0.393547
0.393548
0.393557
0.393558
0.393561
0.393562
0.393563
0.393578
0.393585
0.393587
0.393588
0.393591
0.393592
0.393602
0.393605
0.393614
0.393622
0.393622
0.393622
0.393624
0.393625
0.393627
0.393628
0.39363
0.393635
0.39364
0.393642
0.393646
0.393647
0.393652
0.393655
0.393658
0.393662
0.393664
0.393666
0.393668
0.39367
0.393682
0.393687
0.393688
0.393689
0.393694
0.393694
0.393703
0.393708
0.393708
0.39371
0.393713
0.393716
0.393716
0.393718
0.393722
0.393726
0.393728
0.393728
0.393729
0.39373
0.393731
0.393732
0.393736
0.393738
0.39374
0.393746
0.393746
0.393751
0.393755
0.393756
0.393756
0.39376
0.393761
0.393761
0.393767
0.393767
0.393769
0.393769
0.393771
0.393771
0.393773
0.393773
0.393775
0.393775
0.393775
0.393776
0.393777
0.393783
0.393789
0.39379
0.393792
0.393792
0.393793
0.393794
0.393796
0.393797
0.3938
0.393802
0.393805
0.393809
0.39381
0.393812
0.393813
0.393814
0.393814
0.393814
0.393817
0.393818
0.39382
0.39382
0.393822
0.393823
0.393826
0.393826
0.39383
0.39383
0.393831
0.393831
0.393832
0.393834
0.393834
0.393835
0.393836
0.393837
0.393837
0.393837
0.393838
0.39384
0.393841
0.393846
0.393846
0.393847
0.393847
0.393849
0.393849
0.39385
0.393851
0.393853
0.393855
0.393858
0.393859
0.393861
0.393861
0.393863
0.393864
0.393869
0.39387
0.393871
0.393873
0.393873
0.393877
0.393877
0.393878
0.393878
0.393883
0.393886
0.393889
0.393889
0.39389
0.39389
0.393894
0.393895
0.393897
0.393899
0.3939
0.3939
0.393902
0.393903
0.393903
0.393903
0.393904
0.393906
0.393908
0.393908
0.393913
0.393913
0.393917
0.393921
0.393922
0.393923
0.393926
0.393926
0.393933
0.393936
0.393938
0.393938
0.393941
0.393942
0.393942
0.393945
0.39395
0.393953
0.393953
0.393955
0.393964
0.393994
0.393996
0.394
0.39581
0.395838
0.395854
0.395859
0.395868
0.395914
0.395917
0.395924
0.39594
0.395956
0.395962
0.395968
0.39597
0.395973
0.395986
0.395993
0.395999
0.396005
0.39601
0.396013
0.396014
0.396021
0.396027
0.396027
0.396033
0.396038
0.396039
0.396041
0.396045
0.396046
0.396048
0.396055
0.39606
0.39606
0.396061
0.396066
0.396067
0.396068
0.396069
0.396069
0.396071
0.396073
0.396081
0.396085
0.396086
0.396092
0.396095
0.396095
0.396107
0.396109
0.396109
0.39611
0.396118
0.39612
0.396127
0.396129
0.396131
0.396133
0.396147
0.396148
0.396148
0.39616
0.396162
0.396162
0.396165
0.396167
0.396171
0.396183
0.396184
0.396187
0.396194
0.396195
0.3962
0.396202
0.396205
0.396217
0.396217
0.396219
0.396221
0.396224
0.396224
0.396229
0.396229
0.396237
0.396239
0.396241
0.396241
0.396242
0.396251
0.396256
0.396258
0.39626
0.396263
0.396264
0.396282
0.396284
0.396285
0.396286
0.396286
0.396296
0.396298
0.396299
0.396299
0.396301
0.396307
0.396317
0.39632
0.396321
0.396323
0.396326
0.396327
0.396327
0.39633
0.396335
0.396335
0.396336
0.396339
0.396345
0.396352
0.396352
0.396364
0.396364
0.39637
0.396371
0.396373
0.396376
0.396378
0.396397
0.396416
0.396424
0.396426
0.396429
0.396436
0.396447
0.396447
0.39646
0.396465
0.396474
0.396489
0.396495
0.396498
0.396499
0.396499
0.396501
0.396501
0.396513
0.396516
0.39653
0.396538
0.396552
0.396569
0.396572
0.396573
0.396576
0.396576
0.396584
0.396592
0.396615
0.396623
0.396639
0.396649
0.39666
0.396669
0.396682
0.396686
0.396698
0.396698
0.396699
0.396705
0.396705
0.396708
0.396719
0.396721
0.396741
0.396745
0.396768
0.39677
0.396771
0.39678
0.396785
0.396787
0.3968
0.396806
0.396846
0.396851
0.396852
0.396853
0.396858
0.396868
0.396873
0.396897
0.396937
0.396949
0.396988
0.396993
0.39702
0.397098
0.397147
0.397318
0.397411
0.397443
0.404593
0.404602
0.404602
0.404616
0.404628
0.404632
0.404632
0.404633
0.404635
0.404658
0.404661
0.404661
0.404676
0.404684
0.404689
0.404696
0.404704
0.404711
0.404712
0.404717
0.404718
0.404719
0.404726
0.404726
0.404728
0.404743
0.404754
0.404755
0.40476
0.404762
0.404763
0.404764
0.404764
0.404775
0.404787
0.404793
0.404794
0.404795
0.404795
0.404799
0.404802
0.404804
0.404805
0.404809
0.404814
0.404814
0.404819
0.404825
0.404828
0.404835
0.404838
0.404839
0.40484
0.404841
0.404842
0.404846
0.404848
0.404848
0.404851
0.404854
0.404863
0.404865
0.404866
0.404867
0.404869
0.404869
0.404878
0.40488
0.404882
0.404883
0.404885
0.404887
0.404893
0.404903
0.404905
0.404905
0.404911
0.404913
0.404915
0.404918
0.404924
0.404928
0.404931
0.40494
0.40494
0.404948
0.404957
0.404959
0.40496
0.404966
0.404971
0.404985
0.405005
0.405007
0.405016
0.405017
0.405021
0.405026
0.405034
0.405036
0.405041
0.405042
0.405044
0.405047
0.405049
0.405053
0.405055
0.405061
0.405068
0.405076
0.405077
0.405078
0.405084
0.405089
0.40509
0.405093
0.405098
0.4051
0.405112
0.405113
0.405115
0.405116
0.405126
0.405126
0.405127
0.405137
0.405153
0.405157
0.405165
0.405172
0.405175
0.405178
0.405179
0.405185
0.405186
0.405191
0.405195
0.405195
0.405198
0.4052
0.405201
0.405211
0.405211
0.405218
0.405225
0.405226
0.40524
0.405247
0.405247
0.405258
0.405258
0.405265
0.405268
0.40527
0.405276
0.405283
0.4053
0.4053
0.40531
0.405315
0.405333
0.405334
0.405335
0.405347
0.40535
0.405356
0.405366
0.405367
0.405369
0.405382
0.405386
0.405413
0.405427
0.405432
0.405442
0.405443
0.405448
0.405458
0.405486
0.405506
0.405525
0.405556
0.405563
0.405597
0.405638
0.405674
0.405685
0.405694
0.405698
0.405705
0.40572
0.405723
0.405741
0.40578
0.405792
0.405812
0.405834
0.405854
0.405881
0.405888
0.405896
0.405901
0.405906
0.405907
0.405908
0.405919
0.40592
0.405926
0.405947
0.40595
0.405957
0.405968
0.405973
0.40598
0.405984
0.405987
0.405992
0.405993
0.406004
0.406011
0.406014
0.406016
0.406021
0.406022
0.406027
0.406028
0.406039
0.40604
0.406056
0.40607
0.406072
0.406073
0.406078
0.406081
0.406083
0.406084
0.406106
0.406107
0.406108
0.40611
0.406111
0.406115
0.406117
0.406117
0.406119
0.406128
0.406131
0.406134
0.406134
0.406143
0.406149
0.406151
0.406152
0.406155
0.406157
0.406161
0.406168
0.406169
0.40617
0.40617
0.406173
0.406175
0.406179
0.406182
0.406182
0.406185
0.406185
0.406187
0.406192
0.406194
0.406201
0.406203
0.406209
0.406214
0.406214
0.406218
0.406218
0.40622
0.406236
0.406237
0.406239
0.406242
0.406249
0.406251
0.406253
0.406255
0.406257
0.406258
0.406258
0.406258
0.406259
0.406264
0.406264
0.406265
0.406269
0.406271
0.406271
0.406271
0.406274
0.406275
0.406276
0.406277
0.406279
0.406279
0.406281
0.406282
0.406284
0.406286
0.40629
0.406293
0.406293
0.406297
0.406298
0.406298
0.406299
0.406302
0.406306
0.406306
0.406308
0.406308
0.406311
0.406313
0.406316
0.406316
0.406319
0.40632
0.40632
0.40632
0.406324
0.40633
0.406331
0.406339
0.406342
0.406343
0.406345
0.406347
0.406349
0.406356
0.406356
0.406357
0.406358
0.406361
0.406363
0.406372
0.406374
0.406377
0.406378
0.406383
0.406384
0.406384
0.406388
0.406389
0.406389
0.40639
0.406395
0.406396
0.4064
0.406403
0.406409
0.406409
0.406411
0.406414
0.406415
0.406416
0.406422
0.40643
0.406432
0.406437
0.406439
0.40644
0.40644
0.406446
0.406446
0.406448
0.406453
0.406454
0.406458
0.40646
0.406462
0.406463
0.406464
0.406465
0.40647
0.406474
0.406483
0.406506
0.406519
0.406519
0.406521
0.406525
0.406528
0.406535
0.406536
0.406536
0.406542
0.408602
0.408652
0.408671
0.408729
0.408745
0.408764
0.408764
0.408775
0.408775
0.408793
0.408801
0.408802
0.408804
0.408811
0.408829
0.408836
0.408841
0.408847
0.408852
0.408853
0.408856
0.408861
0.408862
0.408864
0.408867
0.408874
0.408875
0.408888
0.408893
0.408897
0.4089
0.408912
0.408915
0.408923
0.408929
0.408929
0.408932
0.408938
0.408951
0.408971
0.408972
0.408974
0.408976
0.40899
0.40899
0.408994
0.409004
0.409006
0.409007
0.409007
0.409009
0.409016
0.409019
0.40902
0.409021
0.409024
0.409034
0.409041
0.409047
0.409048
0.409053
0.409058
0.409059
0.409068
0.40907
0.40907
0.40907
0.409077
0.409077
0.409079
0.409087
0.409092
0.409099
0.4091
0.409102
0.409102
0.409104
0.409112
0.409112
0.409113
0.409113
0.409119
0.409127
0.409128
0.409155
0.409156
0.409161
0.409163
0.409165
0.409167
0.409173
0.409177
0.409193
0.409205
0.409205
0.409207
0.409208
0.409209
0.409213
0.409218
0.409221
0.409234
0.40924
0.409241
0.409249
0.409255
0.409258
0.409262
0.409264
0.409264
0.40927
0.409277
0.409281
0.409282
0.409283
0.409298
0.409305
0.409305
0.409315
0.409325
0.409334
0.409335
0.409337
0.409337
0.409345
0.409346
0.409347
0.409351
0.409355
0.409365
0.409367
0.409383
0.409388
0.409388
0.409392
0.409406
0.409427
0.40944
0.409441
0.409444
0.409468
0.409475
0.409476
0.409489
0.409508
0.409517
0.409522
0.409522
0.409528
0.409531
0.409532
0.409533
0.409539
0.40954
0.409542
0.409557
0.409557
0.409561
0.409576
0.409587
0.409602
0.409604
0.409632
0.409647
0.409651
0.409678
0.409731
0.409764
0.409785
0.409785
0.409786
0.409789
0.409823
0.409842
0.409863
0.409867
0.409949
0.409992
0.409999
0.410032
0.41004
0.410173
0.410173
0.410199
0.410355
0.410362
0.410421
0.410631
0.393337
0.393354
0.393359
0.393364
0.393389
0.393398
0.393417
0.393431
0.393446
0.393453
0.393457
0.393464
0.393468
0.393494
0.393522
0.393526
0.393527
0.393531
0.393535
0.393541
0.393543
0.393545
0.393546
0.393554
0.393556
0.393559
0.39356
0.393561
0.393576
0.393583
0.393585
0.393586
0.393589
0.39359
0.3936
0.393603
0.393612
0.39362
0.39362
0.39362
0.393622
0.393623
0.393625
0.393626
0.393628
0.393633
0.393638
0.39364
0.393644
0.393645
0.39365
0.393653
0.393656
0.39366
0.393662
0.393664
0.393666
0.393668
0.39368
0.393685
0.393686
0.393687
0.393692
0.393692
0.393701
0.393705
0.393706
0.393708
0.393711
0.393714
0.393714
0.393716
0.39372
0.393724
0.393726
0.393726
0.393727
0.393728
0.393729
0.39373
0.393735
0.393736
0.393738
0.393744
0.393744
0.393749
0.393753
0.393754
0.393754
0.393758
0.393759
0.393759
0.393765
0.393765
0.393767
0.393767
0.393769
0.393769
0.393771
0.393771
0.393773
0.393773
0.393773
0.393774
0.393775
0.393781
0.393787
0.393788
0.39379
0.39379
0.393791
0.393793
0.393794
0.393795
0.393798
0.3938
0.393804
0.393808
0.393808
0.39381
0.393811
0.393812
0.393812
0.393813
0.393815
0.393816
0.393818
0.393818
0.39382
0.393822
0.393824
0.393824
0.393828
0.393829
0.393829
0.393829
0.39383
0.393832
0.393832
0.393833
0.393834
0.393835
0.393835
0.393835
0.393836
0.393838
0.393839
0.393844
0.393844
0.393845
0.393845
0.393847
0.393847
0.393848
0.393849
0.393851
0.393853
0.393856
0.393857
0.393859
0.39386
0.393861
0.393862
0.393867
0.393869
0.393869
0.393871
0.393871
0.393875
0.393875
0.393876
0.393876
0.393881
0.393884
0.393887
0.393888
0.393888
0.393888
0.393892
0.393893
0.393895
0.393897
0.393898
0.393898
0.3939
0.393901
0.393902
0.393902
0.393902
0.393904
0.393906
0.393906
0.393911
0.393911
0.393916
0.393919
0.39392
0.393921
0.393924
0.393924
0.393931
0.393935
0.393936
0.393937
0.393939
0.393941
0.393941
0.393943
0.393948
0.393951
0.393951
0.393954
0.393962
0.393992
0.393994
0.393998
0.395813
0.395841
0.395857
0.395862
0.395871
0.395916
0.39592
0.395927
0.395943
0.395959
0.395965
0.395971
0.395973
0.395976
0.395989
0.395995
0.396002
0.396008
0.396013
0.396015
0.396016
0.396024
0.39603
0.39603
0.396036
0.396041
0.396042
0.396044
0.396047
0.396048
0.396051
0.396058
0.396062
0.396063
0.396063
0.396069
0.39607
0.396071
0.396072
0.396072
0.396074
0.396076
0.396083
0.396088
0.396089
0.396094
0.396098
0.396098
0.396109
0.396111
0.396112
0.396113
0.39612
0.396122
0.396129
0.396131
0.396134
0.396135
0.396149
0.396151
0.396151
0.396162
0.396164
0.396165
0.396168
0.39617
0.396174
0.396185
0.396187
0.39619
0.396196
0.396197
0.396202
0.396205
0.396208
0.396219
0.396219
0.396222
0.396223
0.396227
0.396227
0.396231
0.396232
0.39624
0.396241
0.396243
0.396243
0.396245
0.396254
0.396258
0.396261
0.396263
0.396265
0.396267
0.396285
0.396287
0.396288
0.396288
0.396289
0.396298
0.3963
0.396301
0.396302
0.396303
0.39631
0.396319
0.396323
0.396323
0.396325
0.396329
0.39633
0.39633
0.396333
0.396337
0.396338
0.396339
0.396341
0.396347
0.396355
0.396355
0.396366
0.396367
0.396373
0.396374
0.396376
0.396378
0.396381
0.396399
0.396419
0.396427
0.396429
0.396432
0.396439
0.396449
0.39645
0.396462
0.396468
0.396477
0.396492
0.396497
0.3965
0.396501
0.396501
0.396503
0.396503
0.396516
0.396519
0.396532
0.39654
0.396555
0.396571
0.396575
0.396575
0.396578
0.396579
0.396586
0.396595
0.396617
0.396625
0.396641
0.396651
0.396663
0.396672
0.396685
0.396689
0.3967
0.396701
0.396701
0.396707
0.396708
0.39671
0.396721
0.396724
0.396743
0.396747
0.39677
0.396773
0.396773
0.396782
0.396787
0.39679
0.396803
0.396808
0.396848
0.396853
0.396854
0.396855
0.39686
0.39687
0.396875
0.396899
0.396939
0.396951
0.39699
0.396995
0.397022
0.3971
0.397149
0.39732
0.397413
0.397445
0.404587
0.404595
0.404596
0.40461
0.404622
0.404626
0.404626
0.404627
0.404629
0.404652
0.404655
0.404655
0.40467
0.404678
0.404683
0.40469
0.404698
0.404705
0.404706
0.404711
0.404712
0.404713
0.40472
0.40472
0.404722
0.404737
0.404747
0.404749
0.404754
0.404756
0.404756
0.404757
0.404758
0.404769
0.404781
0.404787
0.404788
0.404788
0.404789
0.404793
0.404796
0.404798
0.404799
0.404803
0.404808
0.404808
0.404813
0.404819
0.404822
0.404829
0.404832
0.404833
0.404834
0.404835
0.404836
0.40484
0.404842
0.404842
0.404845
0.404848
0.404856
0.404859
0.40486
0.40486
0.404862
0.404863
0.404871
0.404874
0.404876
0.404877
0.404879
0.404881
0.404887
0.404897
0.404899
0.404899
0.404905
0.404907
0.404908
0.404912
0.404918
0.404922
0.404925
0.404934
0.404934
0.404942
0.404951
0.404953
0.404954
0.40496
0.404965
0.404979
0.404999
0.405001
0.40501
0.40501
0.405015
0.40502
0.405028
0.405029
0.405035
0.405036
0.405038
0.405041
0.405043
0.405047
0.405049
0.405055
0.405062
0.405069
0.405071
0.405072
0.405078
0.405083
0.405084
0.405087
0.405092
0.405094
0.405106
0.405107
0.405108
0.40511
0.40512
0.40512
0.405121
0.40513
0.405146
0.40515
0.405158
0.405165
0.405169
0.405172
0.405173
0.405179
0.405179
0.405185
0.405189
0.405189
0.405192
0.405194
0.405195
0.405205
0.405205
0.405211
0.405218
0.405219
0.405234
0.40524
0.405241
0.405251
0.405252
0.405259
0.405262
0.405264
0.40527
0.405276
0.405293
0.405294
0.405303
0.405308
0.405326
0.405328
0.405328
0.405341
0.405343
0.40535
0.405359
0.405361
0.405363
0.405376
0.405379
0.405406
0.405421
0.405426
0.405435
0.405437
0.405442
0.405452
0.405479
0.4055
0.405519
0.405549
0.405556
0.40559
0.405632
0.405667
0.405679
0.405687
0.405691
0.405698
0.405713
0.405716
0.405734
0.405774
0.405785
0.405803
0.405827
0.405845
0.405875
0.405879
0.405888
0.405892
0.405898
0.405898
0.4059
0.40591
0.405911
0.405918
0.405939
0.405942
0.405948
0.40596
0.405964
0.405971
0.405976
0.405979
0.405984
0.405984
0.405995
0.406003
0.406005
0.406008
0.406012
0.406013
0.406018
0.406019
0.40603
0.406031
0.406047
0.406062
0.406064
0.406064
0.40607
0.406073
0.406074
0.406075
0.406098
0.406098
0.406099
0.406101
0.406102
0.406107
0.406108
0.406109
0.40611
0.40612
0.406122
0.406125
0.406125
0.406134
0.406141
0.406142
0.406143
0.406146
0.406148
0.406152
0.406159
0.40616
0.406161
0.406161
0.406164
0.406167
0.406171
0.406173
0.406174
0.406177
0.406177
0.406178
0.406183
0.406185
0.406192
0.406194
0.4062
0.406205
0.406205
0.406209
0.40621
0.406212
0.406227
0.406229
0.40623
0.406233
0.406241
0.406242
0.406244
0.406246
0.406249
0.406249
0.406249
0.40625
0.406251
0.406256
0.406256
0.406256
0.40626
0.406263
0.406263
0.406263
0.406265
0.406267
0.406268
0.406268
0.40627
0.406271
0.406272
0.406274
0.406275
0.406278
0.406281
0.406284
0.406285
0.406289
0.40629
0.40629
0.40629
0.406294
0.406297
0.406298
0.4063
0.4063
0.406302
0.406305
0.406308
0.406308
0.406311
0.406311
0.406311
0.406312
0.406316
0.406322
0.406322
0.40633
0.406334
0.406334
0.406337
0.406339
0.40634
0.406347
0.406347
0.406348
0.40635
0.406352
0.406354
0.406364
0.406366
0.406368
0.40637
0.406374
0.406375
0.406375
0.40638
0.40638
0.406381
0.406382
0.406387
0.406388
0.406391
0.406394
0.406401
0.406401
0.406403
0.406406
0.406406
0.406408
0.406413
0.406421
0.406424
0.406429
0.406431
0.406431
0.406431
0.406437
0.406438
0.406439
0.406444
0.406445
0.406449
0.406452
0.406454
0.406455
0.406455
0.406456
0.406461
0.406465
0.406475
0.406497
0.40651
0.406511
0.406513
0.406516
0.40652
0.406527
0.406528
0.406528
0.406534
0.408595
0.408645
0.408664
0.408722
0.408738
0.408757
0.408757
0.408768
0.408768
0.408786
0.408794
0.408795
0.408797
0.408804
0.408822
0.408829
0.408834
0.40884
0.408845
0.408846
0.408849
0.408854
0.408855
0.408857
0.40886
0.408867
0.408868
0.408881
0.408886
0.40889
0.408893
0.408905
0.408908
0.408916
0.408922
0.408922
0.408925
0.408931
0.408944
0.408964
0.408965
0.408967
0.408969
0.408983
0.408983
0.408987
0.408997
0.408999
0.409
0.409
0.409002
0.409009
0.409012
0.409013
0.409014
0.409017
0.409027
0.409033
0.40904
0.409041
0.409046
0.409051
0.409052
0.409061
0.409063
0.409063
0.409063
0.40907
0.40907
0.409072
0.40908
0.409085
0.409092
0.409092
0.409095
0.409095
0.409097
0.409105
0.409105
0.409106
0.409106
0.409112
0.40912
0.409121
0.409148
0.409148
0.409154
0.409156
0.409157
0.40916
0.409166
0.40917
0.409186
0.409198
0.409198
0.4092
0.409201
0.409201
0.409206
0.409211
0.409214
0.409227
0.409233
0.409234
0.409242
0.409247
0.409251
0.409255
0.409257
0.409257
0.409262
0.40927
0.409274
0.409275
0.409276
0.409291
0.409297
0.409298
0.409308
0.409318
0.409327
0.409328
0.409329
0.40933
0.409337
0.409339
0.409339
0.409344
0.409348
0.409358
0.40936
0.409376
0.409381
0.409381
0.409385
0.409399
0.40942
0.409433
0.409434
0.409436
0.409461
0.409468
0.409469
0.409482
0.409501
0.40951
0.409514
0.409515
0.409521
0.409524
0.409525
0.409526
0.409531
0.409533
0.409534
0.409549
0.40955
0.409554
0.409568
0.409579
0.409594
0.409597
0.409625
0.40964
0.409644
0.409671
0.409723
0.409757
0.409778
0.409778
0.409779
0.409782
0.409816
0.409834
0.409856
0.409859
0.409942
0.409984
0.409991
0.410024
0.410033
0.410165
0.410166
0.410192
0.410348
0.410355
0.410413
0.410623
0.393334
0.393352
0.393357
0.393362
0.393387
0.393395
0.393415
0.393429
0.393444
0.39345
0.393454
0.393462
0.393465
0.393492
0.39352
0.393524
0.393525
0.393529
0.393533
0.393538
0.393541
0.393543
0.393543
0.393552
0.393554
0.393556
0.393558
0.393559
0.393574
0.393581
0.393583
0.393584
0.393587
0.393588
0.393597
0.393601
0.39361
0.393618
0.393618
0.393618
0.39362
0.393621
0.393623
0.393624
0.393626
0.393631
0.393636
0.393638
0.393642
0.393643
0.393648
0.393651
0.393654
0.393658
0.39366
0.393662
0.393664
0.393666
0.393678
0.393683
0.393684
0.393685
0.39369
0.39369
0.393699
0.393703
0.393704
0.393706
0.393709
0.393712
0.393712
0.393714
0.393718
0.393722
0.393724
0.393725
0.393725
0.393726
0.393727
0.393728
0.393733
0.393734
0.393736
0.393742
0.393743
0.393747
0.393751
0.393752
0.393752
0.393756
0.393757
0.393757
0.393763
0.393763
0.393765
0.393765
0.393767
0.393767
0.393769
0.393769
0.393771
0.393772
0.393772
0.393772
0.393773
0.393779
0.393785
0.393786
0.393788
0.393789
0.393789
0.393791
0.393792
0.393793
0.393796
0.393799
0.393802
0.393806
0.393806
0.393808
0.393809
0.39381
0.39381
0.393811
0.393813
0.393814
0.393816
0.393817
0.393818
0.39382
0.393822
0.393822
0.393826
0.393827
0.393827
0.393827
0.393828
0.39383
0.393831
0.393831
0.393833
0.393833
0.393834
0.393834
0.393834
0.393836
0.393837
0.393842
0.393842
0.393843
0.393843
0.393845
0.393845
0.393846
0.393847
0.393849
0.393851
0.393855
0.393855
0.393858
0.393858
0.393859
0.39386
0.393865
0.393867
0.393867
0.393869
0.393869
0.393873
0.393874
0.393874
0.393874
0.393879
0.393882
0.393885
0.393886
0.393886
0.393886
0.393891
0.393891
0.393893
0.393895
0.393896
0.393896
0.393898
0.393899
0.3939
0.3939
0.3939
0.393902
0.393904
0.393904
0.393909
0.393909
0.393914
0.393917
0.393918
0.393919
0.393922
0.393923
0.393929
0.393933
0.393934
0.393935
0.393937
0.393939
0.393939
0.393942
0.393946
0.393949
0.393949
0.393952
0.39396
0.39399
0.393992
0.393996
0.395816
0.395843
0.39586
0.395865
0.395874
0.395919
0.395923
0.395929
0.395946
0.395961
0.395968
0.395974
0.395976
0.395979
0.395991
0.395998
0.396005
0.39601
0.396016
0.396018
0.396019
0.396027
0.396033
0.396033
0.396039
0.396044
0.396044
0.396047
0.39605
0.396051
0.396054
0.39606
0.396065
0.396065
0.396066
0.396071
0.396072
0.396074
0.396075
0.396075
0.396076
0.396078
0.396086
0.396091
0.396091
0.396097
0.3961
0.3961
0.396112
0.396114
0.396115
0.396115
0.396123
0.396125
0.396132
0.396134
0.396136
0.396138
0.396152
0.396154
0.396154
0.396165
0.396167
0.396167
0.39617
0.396172
0.396176
0.396188
0.39619
0.396192
0.396199
0.3962
0.396205
0.396208
0.39621
0.396222
0.396222
0.396224
0.396226
0.396229
0.396229
0.396234
0.396235
0.396242
0.396244
0.396246
0.396246
0.396247
0.396257
0.396261
0.396263
0.396265
0.396268
0.396269
0.396288
0.396289
0.39629
0.396291
0.396291
0.396301
0.396303
0.396304
0.396304
0.396306
0.396313
0.396322
0.396325
0.396326
0.396328
0.396331
0.396332
0.396332
0.396335
0.39634
0.396341
0.396341
0.396344
0.39635
0.396357
0.396357
0.396369
0.396369
0.396375
0.396376
0.396378
0.396381
0.396383
0.396402
0.396421
0.396429
0.396431
0.396434
0.396441
0.396452
0.396452
0.396465
0.39647
0.396479
0.396494
0.3965
0.396503
0.396504
0.396504
0.396505
0.396506
0.396518
0.396521
0.396534
0.396543
0.396557
0.396574
0.396577
0.396577
0.39658
0.396581
0.396589
0.396597
0.396619
0.396628
0.396644
0.396654
0.396665
0.396674
0.396687
0.396691
0.396703
0.396703
0.396704
0.396709
0.39671
0.396713
0.396724
0.396726
0.396745
0.396749
0.396772
0.396775
0.396776
0.396784
0.39679
0.396792
0.396805
0.39681
0.39685
0.396855
0.396856
0.396857
0.396862
0.396872
0.396877
0.396901
0.396941
0.396953
0.396992
0.396997
0.397024
0.397102
0.397151
0.397322
0.397415
0.397447
0.404581
0.404589
0.40459
0.404604
0.404616
0.40462
0.40462
0.404621
0.404623
0.404646
0.404649
0.404649
0.404664
0.404672
0.404677
0.404684
0.404691
0.404699
0.4047
0.404705
0.404706
0.404707
0.404713
0.404714
0.404716
0.404731
0.404741
0.404743
0.404747
0.40475
0.40475
0.404751
0.404752
0.404763
0.404775
0.404781
0.404782
0.404782
0.404782
0.404787
0.40479
0.404792
0.404793
0.404797
0.404801
0.404802
0.404807
0.404813
0.404816
0.404823
0.404825
0.404827
0.404828
0.404829
0.40483
0.404834
0.404835
0.404836
0.404839
0.404842
0.40485
0.404853
0.404854
0.404854
0.404856
0.404857
0.404865
0.404868
0.40487
0.404871
0.404873
0.404875
0.40488
0.404891
0.404892
0.404893
0.404898
0.404901
0.404902
0.404906
0.404911
0.404916
0.404919
0.404927
0.404927
0.404936
0.404945
0.404946
0.404948
0.404954
0.404959
0.404972
0.404992
0.404994
0.405003
0.405004
0.405008
0.405014
0.405022
0.405023
0.405028
0.405029
0.405031
0.405035
0.405037
0.405041
0.405043
0.405049
0.405056
0.405063
0.405065
0.405065
0.405072
0.405077
0.405077
0.405081
0.405086
0.405088
0.405099
0.4051
0.405102
0.405103
0.405114
0.405114
0.405115
0.405124
0.40514
0.405144
0.405152
0.405159
0.405162
0.405166
0.405167
0.405173
0.405173
0.405179
0.405182
0.405183
0.405185
0.405187
0.405189
0.405198
0.405199
0.405205
0.405212
0.405213
0.405227
0.405234
0.405234
0.405245
0.405245
0.405253
0.405256
0.405257
0.405264
0.40527
0.405287
0.405287
0.405297
0.405302
0.40532
0.405321
0.405322
0.405334
0.405337
0.405343
0.405353
0.405354
0.405356
0.405369
0.405373
0.4054
0.405414
0.405419
0.405429
0.40543
0.405435
0.405445
0.405473
0.405493
0.405512
0.405543
0.40555
0.405584
0.405625
0.405661
0.405672
0.40568
0.405685
0.405691
0.405707
0.40571
0.405728
0.405767
0.405778
0.405794
0.405821
0.405836
0.405868
0.405871
0.405879
0.405884
0.405889
0.405889
0.405891
0.405902
0.405903
0.405909
0.40593
0.405933
0.405939
0.405951
0.405955
0.405962
0.405967
0.40597
0.405975
0.405976
0.405986
0.405994
0.405997
0.405999
0.406004
0.406004
0.406009
0.406011
0.406022
0.406023
0.406038
0.406053
0.406055
0.406056
0.406061
0.406064
0.406066
0.406066
0.406089
0.40609
0.406091
0.406093
0.406094
0.406098
0.406099
0.4061
0.406102
0.406111
0.406114
0.406117
0.406117
0.406126
0.406132
0.406134
0.406135
0.406138
0.40614
0.406144
0.406151
0.406152
0.406153
0.406153
0.406156
0.406158
0.406162
0.406165
0.406165
0.406168
0.406168
0.40617
0.406175
0.406177
0.406184
0.406186
0.406192
0.406197
0.406197
0.406201
0.406202
0.406203
0.406219
0.40622
0.406222
0.406225
0.406232
0.406234
0.406236
0.406238
0.40624
0.40624
0.406241
0.406241
0.406242
0.406247
0.406247
0.406248
0.406252
0.406254
0.406254
0.406254
0.406257
0.406258
0.40626
0.40626
0.406262
0.406262
0.406264
0.406265
0.406267
0.406269
0.406273
0.406276
0.406276
0.40628
0.406281
0.406281
0.406282
0.406286
0.406289
0.40629
0.406291
0.406291
0.406294
0.406296
0.406299
0.406299
0.406302
0.406303
0.406303
0.406303
0.406307
0.406314
0.406314
0.406322
0.406325
0.406326
0.406328
0.40633
0.406332
0.406339
0.406339
0.40634
0.406341
0.406344
0.406346
0.406355
0.406357
0.40636
0.406361
0.406366
0.406367
0.406367
0.406371
0.406372
0.406372
0.406373
0.406378
0.406379
0.406383
0.406386
0.406392
0.406392
0.406394
0.406397
0.406398
0.4064
0.406405
0.406413
0.406415
0.40642
0.406422
0.406423
0.406423
0.406429
0.40643
0.406431
0.406436
0.406437
0.406441
0.406443
0.406445
0.406447
0.406447
0.406448
0.406453
0.406457
0.406466
0.406489
0.406502
0.406502
0.406504
0.406508
0.406512
0.406518
0.40652
0.40652
0.406526
0.408589
0.408638
0.408657
0.408716
0.408731
0.40875
0.40875
0.408761
0.408761
0.408779
0.408787
0.408788
0.408791
0.408797
0.408815
0.408822
0.408827
0.408833
0.408838
0.408839
0.408842
0.408847
0.408848
0.40885
0.408853
0.40886
0.408861
0.408874
0.408879
0.408883
0.408886
0.408898
0.408901
0.408909
0.408915
0.408915
0.408918
0.408924
0.408937
0.408957
0.408958
0.40896
0.408962
0.408976
0.408976
0.40898
0.40899
0.408992
0.408993
0.408993
0.408995
0.409002
0.409005
0.409006
0.409007
0.40901
0.40902
0.409026
0.409033
0.409034
0.409039
0.409044
0.409045
0.409054
0.409056
0.409056
0.409056
0.409063
0.409063
0.409065
0.409073
0.409078
0.409085
0.409085
0.409088
0.409088
0.40909
0.409098
0.409098
0.409099
0.409099
0.409105
0.409113
0.409114
0.409141
0.409141
0.409147
0.409149
0.40915
0.409153
0.409159
0.409163
0.409179
0.409191
0.409191
0.409193
0.409194
0.409194
0.409199
0.409204
0.409207
0.40922
0.409225
0.409227
0.409235
0.40924
0.409244
0.409248
0.40925
0.40925
0.409255
0.409263
0.409267
0.409268
0.409268
0.409284
0.40929
0.40929
0.409301
0.409311
0.40932
0.40932
0.409322
0.409323
0.40933
0.409332
0.409332
0.409337
0.409341
0.409351
0.409353
0.409369
0.409374
0.409374
0.409378
0.409391
0.409413
0.409426
0.409427
0.409429
0.409454
0.409461
0.409462
0.409475
0.409494
0.409503
0.409507
0.409507
0.409514
0.409516
0.409518
0.409518
0.409524
0.409526
0.409527
0.409542
0.409543
0.409546
0.409561
0.409572
0.409587
0.40959
0.409617
0.409632
0.409636
0.409664
0.409716
0.409749
0.40977
0.409771
0.409772
0.409774
0.409809
0.409827
0.409848
0.409852
0.409934
0.409977
0.409984
0.410017
0.410026
0.410158
0.410158
0.410184
0.41034
0.410347
0.410406
0.410616
0.393332
0.393349
0.393354
0.39336
0.393385
0.393393
0.393413
0.393427
0.393442
0.393448
0.393452
0.39346
0.393463
0.39349
0.393518
0.393522
0.393523
0.393527
0.393531
0.393536
0.393538
0.393541
0.393541
0.39355
0.393552
0.393554
0.393556
0.393557
0.393572
0.393579
0.393581
0.393581
0.393584
0.393586
0.393595
0.393599
0.393608
0.393616
0.393616
0.393616
0.393617
0.393618
0.393621
0.393622
0.393624
0.393629
0.393634
0.393636
0.39364
0.393641
0.393646
0.393649
0.393652
0.393656
0.393658
0.39366
0.393662
0.393664
0.393676
0.393681
0.393682
0.393683
0.393688
0.393688
0.393697
0.393701
0.393702
0.393704
0.393707
0.39371
0.39371
0.393712
0.393716
0.393721
0.393722
0.393723
0.393723
0.393724
0.393725
0.393726
0.393731
0.393732
0.393734
0.39374
0.393741
0.393745
0.393749
0.39375
0.39375
0.393754
0.393755
0.393755
0.393761
0.393761
0.393763
0.393763
0.393765
0.393765
0.393767
0.393767
0.393769
0.39377
0.39377
0.39377
0.393771
0.393777
0.393783
0.393784
0.393787
0.393787
0.393787
0.393789
0.39379
0.393791
0.393794
0.393797
0.3938
0.393804
0.393805
0.393806
0.393808
0.393808
0.393808
0.393809
0.393811
0.393812
0.393814
0.393815
0.393816
0.393818
0.39382
0.39382
0.393824
0.393825
0.393825
0.393825
0.393826
0.393828
0.393829
0.393829
0.393831
0.393831
0.393832
0.393832
0.393832
0.393834
0.393835
0.39384
0.39384
0.393841
0.393841
0.393843
0.393843
0.393845
0.393845
0.393847
0.393849
0.393853
0.393853
0.393856
0.393856
0.393857
0.393858
0.393863
0.393865
0.393865
0.393867
0.393868
0.393871
0.393872
0.393872
0.393872
0.393877
0.39388
0.393884
0.393884
0.393884
0.393884
0.393889
0.393889
0.393891
0.393893
0.393894
0.393895
0.393897
0.393898
0.393898
0.393898
0.393898
0.393901
0.393902
0.393902
0.393907
0.393908
0.393912
0.393916
0.393916
0.393917
0.39392
0.393921
0.393928
0.393931
0.393932
0.393933
0.393935
0.393937
0.393937
0.39394
0.393945
0.393948
0.393948
0.39395
0.393958
0.393989
0.39399
0.393994
0.395819
0.395846
0.395862
0.395868
0.395877
0.395922
0.395926
0.395932
0.395948
0.395964
0.395971
0.395976
0.395978
0.395981
0.395994
0.396001
0.396007
0.396013
0.396018
0.396021
0.396022
0.396029
0.396035
0.396035
0.396041
0.396046
0.396047
0.396049
0.396053
0.396054
0.396056
0.396063
0.396068
0.396068
0.396069
0.396074
0.396075
0.396076
0.396077
0.396077
0.396079
0.396081
0.396089
0.396093
0.396094
0.3961
0.396103
0.396103
0.396114
0.396117
0.396117
0.396118
0.396125
0.396128
0.396135
0.396137
0.396139
0.396141
0.396155
0.396156
0.396156
0.396168
0.396169
0.39617
0.396173
0.396175
0.396179
0.39619
0.396192
0.396195
0.396202
0.396202
0.396208
0.39621
0.396213
0.396224
0.396224
0.396227
0.396228
0.396232
0.396232
0.396236
0.396237
0.396245
0.396246
0.396248
0.396249
0.39625
0.396259
0.396264
0.396266
0.396268
0.39627
0.396272
0.39629
0.396292
0.396293
0.396294
0.396294
0.396303
0.396305
0.396306
0.396307
0.396308
0.396315
0.396324
0.396328
0.396328
0.39633
0.396334
0.396335
0.396335
0.396338
0.396343
0.396343
0.396344
0.396346
0.396352
0.39636
0.39636
0.396371
0.396372
0.396378
0.396379
0.396381
0.396383
0.396386
0.396404
0.396424
0.396432
0.396434
0.396437
0.396443
0.396454
0.396455
0.396467
0.396473
0.396482
0.396496
0.396502
0.396505
0.396506
0.396506
0.396508
0.396508
0.396521
0.396523
0.396537
0.396545
0.396559
0.396576
0.39658
0.39658
0.396583
0.396584
0.396591
0.396599
0.396622
0.39663
0.396646
0.396656
0.396667
0.396676
0.396689
0.396693
0.396705
0.396705
0.396706
0.396712
0.396712
0.396715
0.396726
0.396728
0.396747
0.396752
0.396775
0.396777
0.396778
0.396787
0.396792
0.396794
0.396807
0.396812
0.396853
0.396857
0.396858
0.396859
0.396865
0.396875
0.396879
0.396904
0.396943
0.396956
0.396995
0.396999
0.397026
0.397104
0.397154
0.397324
0.397417
0.397449
0.404575
0.404583
0.404584
0.404598
0.40461
0.404614
0.404614
0.404615
0.404617
0.40464
0.404643
0.404643
0.404658
0.404666
0.404671
0.404678
0.404685
0.404693
0.404694
0.404699
0.4047
0.404701
0.404707
0.404708
0.40471
0.404725
0.404735
0.404737
0.404741
0.404744
0.404744
0.404745
0.404746
0.404757
0.404769
0.404775
0.404775
0.404776
0.404776
0.40478
0.404783
0.404785
0.404787
0.404791
0.404795
0.404796
0.404801
0.404807
0.40481
0.404817
0.404819
0.40482
0.404822
0.404822
0.404824
0.404828
0.404829
0.40483
0.404833
0.404836
0.404844
0.404847
0.404848
0.404848
0.40485
0.404851
0.404859
0.404861
0.404864
0.404865
0.404867
0.404869
0.404874
0.404884
0.404886
0.404886
0.404892
0.404895
0.404896
0.4049
0.404905
0.40491
0.404913
0.404921
0.404921
0.40493
0.404939
0.40494
0.404941
0.404948
0.404953
0.404966
0.404986
0.404988
0.404997
0.404998
0.405002
0.405007
0.405015
0.405017
0.405022
0.405023
0.405025
0.405028
0.40503
0.405035
0.405036
0.405043
0.40505
0.405057
0.405058
0.405059
0.405066
0.40507
0.405071
0.405074
0.40508
0.405082
0.405093
0.405094
0.405096
0.405097
0.405107
0.405108
0.405108
0.405118
0.405134
0.405138
0.405146
0.405153
0.405156
0.405159
0.40516
0.405166
0.405167
0.405172
0.405176
0.405176
0.405179
0.405181
0.405182
0.405192
0.405192
0.405199
0.405206
0.405207
0.405221
0.405228
0.405228
0.405239
0.405239
0.405246
0.405249
0.405251
0.405257
0.405263
0.405281
0.405281
0.405291
0.405296
0.405313
0.405315
0.405315
0.405328
0.405331
0.405337
0.405347
0.405348
0.40535
0.405363
0.405367
0.405394
0.405408
0.405413
0.405423
0.405424
0.405429
0.405439
0.405466
0.405487
0.405506
0.405537
0.405543
0.405577
0.405619
0.405654
0.405666
0.405674
0.405678
0.405685
0.4057
0.405703
0.405721
0.405761
0.405772
0.405786
0.405814
0.405828
0.405861
0.405862
0.40587
0.405875
0.405881
0.405881
0.405883
0.405893
0.405894
0.4059
0.405921
0.405925
0.405931
0.405942
0.405947
0.405954
0.405958
0.405961
0.405966
0.405967
0.405978
0.405986
0.405988
0.405991
0.405995
0.405996
0.406001
0.406002
0.406013
0.406014
0.40603
0.406044
0.406046
0.406047
0.406052
0.406056
0.406057
0.406058
0.40608
0.406081
0.406082
0.406084
0.406085
0.40609
0.406091
0.406091
0.406093
0.406103
0.406105
0.406108
0.406108
0.406117
0.406124
0.406125
0.406126
0.406129
0.406131
0.406135
0.406142
0.406143
0.406144
0.406144
0.406147
0.40615
0.406154
0.406156
0.406157
0.40616
0.40616
0.406161
0.406166
0.406168
0.406175
0.406177
0.406183
0.406188
0.406188
0.406192
0.406193
0.406195
0.40621
0.406212
0.406213
0.406216
0.406224
0.406225
0.406227
0.406229
0.406232
0.406232
0.406232
0.406233
0.406234
0.406239
0.406239
0.406239
0.406243
0.406246
0.406246
0.406246
0.406248
0.40625
0.406251
0.406251
0.406253
0.406254
0.406255
0.406257
0.406258
0.406261
0.406264
0.406267
0.406268
0.406272
0.406273
0.406273
0.406274
0.406277
0.40628
0.406281
0.406283
0.406283
0.406285
0.406288
0.406291
0.406291
0.406294
0.406294
0.406294
0.406295
0.406299
0.406305
0.406306
0.406313
0.406317
0.406317
0.40632
0.406322
0.406323
0.40633
0.406331
0.406331
0.406333
0.406335
0.406337
0.406347
0.406349
0.406352
0.406353
0.406357
0.406358
0.406358
0.406363
0.406363
0.406364
0.406365
0.40637
0.406371
0.406375
0.406378
0.406384
0.406384
0.406386
0.406389
0.406389
0.406391
0.406396
0.406405
0.406407
0.406412
0.406414
0.406414
0.406414
0.406421
0.406421
0.406423
0.406428
0.406428
0.406432
0.406435
0.406437
0.406438
0.406439
0.406439
0.406445
0.406449
0.406458
0.40648
0.406494
0.406494
0.406496
0.4065
0.406503
0.40651
0.406511
0.406511
0.406517
0.408582
0.408631
0.40865
0.408709
0.408724
0.408743
0.408744
0.408754
0.408755
0.408772
0.408781
0.408781
0.408784
0.40879
0.408809
0.408815
0.40882
0.408826
0.408831
0.408832
0.408835
0.40884
0.408841
0.408843
0.408846
0.408853
0.408854
0.408867
0.408872
0.408876
0.408879
0.408891
0.408894
0.408902
0.408908
0.408908
0.408911
0.408917
0.40893
0.40895
0.408951
0.408953
0.408955
0.408969
0.408969
0.408973
0.408983
0.408985
0.408986
0.408986
0.408988
0.408995
0.408998
0.408999
0.409
0.409003
0.409013
0.409019
0.409026
0.409027
0.409032
0.409037
0.409038
0.409047
0.409049
0.409049
0.409049
0.409055
0.409056
0.409058
0.409065
0.409071
0.409078
0.409078
0.409081
0.409081
0.409083
0.409091
0.409091
0.409092
0.409092
0.409098
0.409106
0.409107
0.409134
0.409134
0.40914
0.409142
0.409143
0.409146
0.409152
0.409156
0.409172
0.409184
0.409184
0.409186
0.409187
0.409187
0.409192
0.409196
0.4092
0.409213
0.409218
0.409219
0.409227
0.409233
0.409237
0.409241
0.409243
0.409243
0.409248
0.409256
0.40926
0.409261
0.409261
0.409276
0.409283
0.409283
0.409294
0.409304
0.409312
0.409313
0.409315
0.409316
0.409323
0.409325
0.409325
0.409329
0.409334
0.409343
0.409345
0.409362
0.409367
0.409367
0.409371
0.409384
0.409406
0.409419
0.409419
0.409422
0.409447
0.409454
0.409455
0.409468
0.409487
0.409495
0.4095
0.4095
0.409507
0.409509
0.40951
0.409511
0.409517
0.409518
0.40952
0.409535
0.409536
0.409539
0.409554
0.409565
0.40958
0.409583
0.40961
0.409625
0.409629
0.409657
0.409709
0.409742
0.409763
0.409764
0.409764
0.409767
0.409801
0.40982
0.409841
0.409845
0.409927
0.40997
0.409976
0.410009
0.410018
0.41015
0.410151
0.410177
0.410333
0.41034
0.410398
0.410608
0
