0.454763
0.454782
0.454818
0.454831
0.454838
0.454865
0.454875
0.454889
0.454894
0.454897
0.454924
0.454935
0.454936
0.454942
0.454954
0.454958
0.454974
0.454976
0.454978
0.454984
0.454999
0.455007
0.45501
0.455011
0.455014
0.455028
0.45503
0.455032
0.455057
0.455061
0.455065
0.455078
0.455086
0.455091
0.455111
0.455118
0.455121
0.455127
0.455131
0.455134
0.455136
0.455137
0.45514
0.455141
0.455144
0.455148
0.455149
0.455152
0.455166
0.455167
0.455171
0.455172
0.455176
0.455178
0.455178
0.45518
0.455184
0.455186
0.455187
0.455193
0.455194
0.455198
0.455199
0.455199
0.455207
0.455208
0.455209
0.455212
0.455212
0.455213
0.455216
0.455217
0.455222
0.455223
0.455224
0.455225
0.455226
0.455227
0.455228
0.455228
0.455229
0.45523
0.455231
0.455232
0.455233
0.455234
0.455235
0.455236
0.455238
0.455239
0.45524
0.455241
0.455242
0.455245
0.455247
0.45525
0.455252
0.455254
0.455255
0.45526
0.455262
0.455262
0.455262
0.455263
0.455263
0.455264
0.455265
0.455265
0.455275
0.455276
0.455276
0.455277
0.45528
0.455281
0.455282
0.455284
0.455285
0.455286
0.455288
0.455288
0.455289
0.455292
0.455294
0.455295
0.455301
0.455302
0.455303
0.455303
0.455303
0.455306
0.455307
0.455309
0.45531
0.455314
0.45532
0.455324
0.455325
0.455325
0.455325
0.455326
0.455326
0.455328
0.455329
0.455336
0.455336
0.455337
0.455338
0.455342
0.455342
0.455343
0.455344
0.455346
0.455347
0.45535
0.455351
0.455351
0.455352
0.455352
0.455353
0.455353
0.455354
0.455355
0.455357
0.455358
0.45536
0.455363
0.455366
0.455371
0.455372
0.455373
0.455373
0.455373
0.455378
0.455379
0.455382
0.455385
0.455386
0.455387
0.455388
0.455388
0.455391
0.455392
0.455394
0.455395
0.455396
0.455396
0.455397
0.455401
0.455403
0.455403
0.455409
0.455409
0.455416
0.455416
0.455418
0.455419
0.455421
0.455421
0.455422
0.455422
0.455423
0.455423
0.455423
0.455424
0.455426
0.455427
0.455428
0.455428
0.455428
0.455429
0.455429
0.455429
0.455431
0.455431
0.455432
0.455434
0.455435
0.455435
0.455437
0.455438
0.455438
0.45544
0.455442
0.455443
0.455443
0.455446
0.455447
0.455449
0.45545
0.455452
0.455453
0.455454
0.455455
0.455456
0.455458
0.455458
0.45546
0.455462
0.455462
0.455463
0.455464
0.455464
0.455466
0.455467
0.455467
0.45547
0.45547
0.455472
0.455472
0.455474
0.455474
0.455475
0.455476
0.455477
0.455478
0.455479
0.455481
0.455482
0.455484
0.455487
0.455487
0.455487
0.455492
0.455493
0.455494
0.455494
0.455494
0.455494
0.455496
0.455498
0.4555
0.455504
0.455505
0.455509
0.45551
0.455512
0.455517
0.455518
0.455518
0.455518
0.455519
0.45552
0.455522
0.455523
0.455523
0.455523
0.455524
0.455524
0.455527
0.455528
0.455529
0.45553
0.45553
0.455535
0.455535
0.455536
0.455536
0.455537
0.455538
0.455548
0.455549
0.455551
0.455553
0.455554
0.455561
0.455564
0.455568
0.455577
0.455578
0.45558
0.455581
0.455581
0.455584
0.455586
0.455586
0.455589
0.455589
0.455598
0.455616
0.455619
0.455625
0.455631
0.455632
0.455638
0.455647
0.455658
0.479227
0.479229
0.479232
0.479232
0.479232
0.479235
0.479235
0.479236
0.479237
0.479237
0.479237
0.479237
0.479237
0.479238
0.479239
0.47924
0.47924
0.47924
0.47924
0.47924
0.47924
0.47924
0.479242
0.479242
0.479242
0.479243
0.479243
0.479243
0.479243
0.479244
0.479244
0.479244
0.479244
0.479244
0.479244
0.479244
0.479244
0.479245
0.479245
0.479245
0.479245
0.479246
0.479246
0.479246
0.479246
0.479247
0.479247
0.479247
0.479247
0.479247
0.479247
0.479247
0.479247
0.479247
0.479247
0.479248
0.479248
0.479248
0.479248
0.479248
0.479248
0.479248
0.479248
0.479249
0.479249
0.479249
0.479249
0.479249
0.479249
0.479249
0.47925
0.47925
0.47925
0.47925
0.47925
0.47925
0.47925
0.47925
0.479251
0.479251
0.479251
0.479251
0.479251
0.479251
0.479251
0.479251
0.479251
0.479251
0.479251
0.479252
0.479252
0.479252
0.479252
0.479252
0.479252
0.479252
0.479253
0.479253
0.479253
0.479253
0.479253
0.479253
0.479253
0.479253
0.479253
0.479254
0.479254
0.479254
0.479254
0.479254
0.479255
0.479255
0.479255
0.479255
0.479255
0.479256
0.479256
0.479256
0.479256
0.479256
0.479256
0.479257
0.479257
0.479257
0.479257
0.479257
0.479257
0.479258
0.479258
0.479258
0.479258
0.479258
0.479258
0.479258
0.479258
0.479258
0.479258
0.479259
0.479259
0.479259
0.479259
0.479259
0.479259
0.479259
0.47926
0.47926
0.47926
0.47926
0.47926
0.47926
0.47926
0.47926
0.479261
0.479261
0.479261
0.479261
0.479261
0.479262
0.479262
0.479263
0.479263
0.479263
0.479263
0.479264
0.479264
0.479264
0.479264
0.479264
0.479264
0.479264
0.479264
0.479264
0.479265
0.479265
0.479265
0.479265
0.479265
0.479265
0.479265
0.479265
0.479266
0.479266
0.479266
0.479267
0.479267
0.479267
0.479267
0.479267
0.479267
0.479268
0.479268
0.479268
0.479268
0.479268
0.479268
0.479268
0.479269
0.47927
0.47927
0.47927
0.47927
0.47927
0.47927
0.47927
0.47927
0.47927
0.47927
0.47927
0.47927
0.47927
0.479271
0.479271
0.479271
0.479271
0.479271
0.479271
0.479271
0.479271
0.479272
0.479272
0.479272
0.479273
0.479273
0.479273
0.479273
0.479273
0.479273
0.479273
0.479274
0.479274
0.479274
0.479275
0.479275
0.479275
0.479275
0.479276
0.479276
0.479276
0.479276
0.479276
0.479277
0.479277
0.479277
0.479277
0.479277
0.479277
0.479277
0.479277
0.479277
0.479277
0.479277
0.479278
0.479279
0.479279
0.479279
0.479279
0.479279
0.479279
0.479279
0.479279
0.47928
0.47928
0.47928
0.47928
0.47928
0.47928
0.47928
0.47928
0.479281
0.479281
0.479281
0.479281
0.479281
0.479282
0.479282
0.479282
0.479282
0.479282
0.479282
0.479282
0.479282
0.479283
0.479283
0.479283
0.479284
0.479284
0.479284
0.479284
0.479285
0.479285
0.479285
0.479286
0.479286
0.479287
0.479288
0.479288
0.479288
0.479288
0.479289
0.47929
0.479291
0.479291
0.479291
0.479291
0.479291
0.479291
0.479292
0.479292
0.479292
0.479294
0.479296
0.479297
0.479298
0.4793
0.4793
0.479301
0.479301
0.479301
0.479302
0.479302
0.479303
0.479303
0.479304
0.479304
0.479305
0.479306
0.479307
0.479311
0.479311
0.479313
0.479313
0.479313
0.479315
0.479315
0.479322
0.479329
0.47933
0.47933
0.479333
0.479334
0.479341
0.481658
0.481688
0.481702
0.48171
0.481721
0.481736
0.481742
0.481742
0.481748
0.481751
0.481754
0.481754
0.481755
0.481763
0.481766
0.481768
0.48177
0.481775
0.481776
0.481781
0.481783
0.481789
0.481793
0.481795
0.481799
0.481817
0.48182
0.481824
0.481829
0.481829
0.481839
0.48184
0.481843
0.481846
0.481848
0.481853
0.481854
0.481854
0.481861
0.481861
0.481865
0.481865
0.481869
0.481878
0.481881
0.481881
0.481883
0.481884
0.481886
0.48189
0.481897
0.481899
0.481899
0.481901
0.481902
0.481902
0.481903
0.481907
0.481909
0.48191
0.481911
0.481912
0.481918
0.481925
0.481929
0.481929
0.481931
0.481933
0.481934
0.481934
0.48194
0.481942
0.481943
0.481944
0.481944
0.481947
0.481948
0.481948
0.481953
0.481957
0.481958
0.48196
0.481961
0.481963
0.481963
0.481965
0.481967
0.481967
0.481968
0.481968
0.481969
0.481971
0.481972
0.481973
0.481975
0.481976
0.481979
0.48198
0.48198
0.481981
0.481983
0.481983
0.481983
0.481985
0.481987
0.481992
0.481993
0.481997
0.482004
0.482006
0.482008
0.482011
0.482012
0.482013
0.482014
0.482016
0.482021
0.482021
0.482024
0.482026
0.482028
0.482028
0.482028
0.482029
0.482034
0.482037
0.482037
0.482037
0.482039
0.482041
0.482042
0.482045
0.482049
0.482053
0.482053
0.482054
0.482055
0.482056
0.482057
0.482057
0.482059
0.482065
0.482065
0.482067
0.482069
0.482071
0.482075
0.482076
0.482076
0.482076
0.482077
0.48208
0.482081
0.482082
0.482083
0.482084
0.482085
0.482086
0.482089
0.482092
0.482095
0.482096
0.482098
0.482099
0.482101
0.482102
0.482103
0.482103
0.482104
0.482107
0.48211
0.48211
0.482112
0.482113
0.482115
0.482118
0.482121
0.482122
0.482123
0.482126
0.482135
0.482137
0.482137
0.482137
0.482142
0.482145
0.48215
0.482155
0.482156
0.482156
0.482165
0.482166
0.482168
0.482169
0.482173
0.482176
0.482177
0.482181
0.482183
0.482184
0.482184
0.482186
0.48219
0.482192
0.482195
0.482196
0.482204
0.482209
0.482209
0.482212
0.482212
0.482213
0.482214
0.482217
0.482219
0.482222
0.482222
0.482227
0.482232
0.482233
0.482236
0.482237
0.482242
0.482246
0.48225
0.482251
0.482251
0.482253
0.482253
0.482255
0.482261
0.482261
0.482264
0.482265
0.482266
0.482266
0.48227
0.482275
0.482279
0.48228
0.482284
0.482285
0.482285
0.482299
0.4823
0.482303
0.482312
0.482319
0.482322
0.482324
0.482324
0.482326
0.482332
0.482332
0.482335
0.482338
0.482346
0.482346
0.482348
0.482351
0.482351
0.482372
0.482373
0.482389
0.482395
0.482396
0.4824
0.482404
0.482406
0.482415
0.48242
0.482422
0.482425
0.482426
0.482433
0.482436
0.482439
0.482441
0.482447
0.482451
0.482455
0.482456
0.482469
0.482474
0.482474
0.482475
0.482476
0.482478
0.482479
0.482485
0.482485
0.482493
0.482494
0.482496
0.482499
0.4825
0.482509
0.482516
0.482519
0.482532
0.482538
0.482539
0.48254
0.482563
0.482571
0.482577
0.482578
0.482581
0.482588
0.482593
0.482597
0.482612
0.482655
0.482681
0.482682
0.482696
0.482698
0.4827
0.482701
0.482713
0.482742
0.482747
0.482763
0.482775
0.482781
0.482791
0.482795
0.482796
0.482798
0.482806
0.482829
0.48312
0.454713
0.454801
0.454819
0.454855
0.454869
0.454875
0.454903
0.454913
0.454927
0.454932
0.454935
0.454962
0.454973
0.454973
0.45498
0.454992
0.454996
0.455012
0.455014
0.455016
0.455022
0.455037
0.455045
0.455048
0.455049
0.455052
0.455066
0.455068
0.455071
0.455095
0.455099
0.455103
0.455116
0.455124
0.455129
0.455149
0.455156
0.45516
0.455166
0.455169
0.455172
0.455174
0.455175
0.455178
0.455179
0.455182
0.455187
0.455187
0.45519
0.455204
0.455205
0.455209
0.45521
0.455214
0.455217
0.455217
0.455218
0.455222
0.455224
0.455226
0.455231
0.455232
0.455236
0.455237
0.455237
0.455245
0.455246
0.455247
0.45525
0.455251
0.455251
0.455254
0.455255
0.45526
0.455261
0.455262
0.455263
0.455264
0.455265
0.455266
0.455267
0.455268
0.455268
0.455269
0.45527
0.455272
0.455273
0.455273
0.455274
0.455276
0.455277
0.455278
0.45528
0.45528
0.455283
0.455286
0.455288
0.45529
0.455293
0.455294
0.455298
0.4553
0.4553
0.4553
0.455301
0.455301
0.455302
0.455303
0.455303
0.455313
0.455314
0.455314
0.455315
0.455319
0.455319
0.45532
0.455322
0.455324
0.455325
0.455326
0.455326
0.455328
0.45533
0.455332
0.455333
0.455339
0.455341
0.455341
0.455341
0.455341
0.455344
0.455346
0.455347
0.455348
0.455352
0.455358
0.455363
0.455363
0.455363
0.455364
0.455364
0.455365
0.455366
0.455367
0.455374
0.455375
0.455375
0.455376
0.455381
0.455381
0.455381
0.455383
0.455385
0.455386
0.455388
0.455389
0.45539
0.455391
0.455391
0.455391
0.455391
0.455392
0.455393
0.455395
0.455397
0.455399
0.455401
0.455405
0.45541
0.455411
0.455411
0.455412
0.455412
0.455416
0.455417
0.455421
0.455423
0.455424
0.455426
0.455426
0.455427
0.455429
0.45543
0.455432
0.455433
0.455434
0.455435
0.455436
0.455439
0.455441
0.455442
0.455448
0.455448
0.455454
0.455455
0.455457
0.455457
0.455459
0.45546
0.45546
0.455461
0.455461
0.455462
0.455462
0.455462
0.455465
0.455465
0.455466
0.455466
0.455467
0.455467
0.455467
0.455468
0.455469
0.45547
0.455471
0.455472
0.455473
0.455474
0.455476
0.455477
0.455477
0.455479
0.455481
0.455481
0.455482
0.455485
0.455485
0.455488
0.455489
0.455491
0.455491
0.455493
0.455493
0.455495
0.455496
0.455497
0.455499
0.4555
0.455501
0.455501
0.455502
0.455502
0.455505
0.455505
0.455505
0.455508
0.455509
0.45551
0.455511
0.455513
0.455513
0.455513
0.455515
0.455515
0.455517
0.455518
0.45552
0.455521
0.455523
0.455525
0.455526
0.455526
0.455531
0.455532
0.455532
0.455532
0.455532
0.455533
0.455534
0.455537
0.455539
0.455543
0.455544
0.455547
0.455549
0.455551
0.455556
0.455556
0.455556
0.455557
0.455558
0.455559
0.45556
0.455562
0.455562
0.455562
0.455562
0.455563
0.455565
0.455566
0.455567
0.455569
0.455569
0.455573
0.455574
0.455575
0.455575
0.455576
0.455577
0.455586
0.455588
0.45559
0.455591
0.455593
0.4556
0.455603
0.455607
0.455615
0.455617
0.455619
0.45562
0.45562
0.455623
0.455624
0.455625
0.455627
0.455628
0.455637
0.455655
0.455658
0.455664
0.455669
0.455671
0.455677
0.455685
0.455697
0.479199
0.479202
0.479205
0.479205
0.479205
0.479208
0.479208
0.479209
0.47921
0.47921
0.47921
0.47921
0.47921
0.479211
0.479212
0.479212
0.479213
0.479213
0.479213
0.479213
0.479213
0.479213
0.479214
0.479214
0.479215
0.479216
0.479216
0.479216
0.479216
0.479216
0.479216
0.479217
0.479217
0.479217
0.479217
0.479217
0.479217
0.479217
0.479218
0.479218
0.479218
0.479218
0.479219
0.479219
0.479219
0.479219
0.47922
0.47922
0.47922
0.47922
0.47922
0.47922
0.47922
0.47922
0.47922
0.479221
0.479221
0.479221
0.479221
0.479221
0.479221
0.479221
0.479221
0.479221
0.479222
0.479222
0.479222
0.479222
0.479222
0.479222
0.479222
0.479223
0.479223
0.479223
0.479223
0.479223
0.479223
0.479223
0.479223
0.479223
0.479223
0.479224
0.479224
0.479224
0.479224
0.479224
0.479224
0.479224
0.479224
0.479224
0.479225
0.479225
0.479225
0.479225
0.479225
0.479225
0.479226
0.479226
0.479226
0.479226
0.479226
0.479226
0.479226
0.479226
0.479226
0.479226
0.479227
0.479227
0.479227
0.479227
0.479228
0.479228
0.479228
0.479228
0.479228
0.479228
0.479229
0.479229
0.479229
0.479229
0.479229
0.479229
0.479229
0.479229
0.479229
0.47923
0.47923
0.47923
0.47923
0.47923
0.479231
0.479231
0.479231
0.479231
0.479231
0.479231
0.479231
0.479232
0.479232
0.479232
0.479232
0.479232
0.479232
0.479232
0.479232
0.479232
0.479233
0.479233
0.479233
0.479233
0.479233
0.479233
0.479234
0.479234
0.479234
0.479234
0.479234
0.479235
0.479235
0.479236
0.479236
0.479236
0.479236
0.479236
0.479236
0.479237
0.479237
0.479237
0.479237
0.479237
0.479237
0.479237
0.479237
0.479237
0.479237
0.479238
0.479238
0.479238
0.479238
0.479238
0.479238
0.479238
0.479239
0.479239
0.47924
0.47924
0.47924
0.47924
0.47924
0.47924
0.47924
0.47924
0.47924
0.479241
0.479241
0.479241
0.479242
0.479242
0.479242
0.479242
0.479243
0.479243
0.479243
0.479243
0.479243
0.479243
0.479243
0.479243
0.479243
0.479243
0.479243
0.479243
0.479244
0.479244
0.479244
0.479244
0.479244
0.479244
0.479244
0.479245
0.479245
0.479246
0.479246
0.479246
0.479246
0.479246
0.479246
0.479246
0.479247
0.479247
0.479247
0.479248
0.479248
0.479248
0.479248
0.479248
0.479249
0.479249
0.479249
0.479249
0.479249
0.479249
0.47925
0.47925
0.47925
0.47925
0.47925
0.47925
0.47925
0.47925
0.47925
0.479251
0.479251
0.479252
0.479252
0.479252
0.479252
0.479252
0.479252
0.479252
0.479252
0.479253
0.479253
0.479253
0.479253
0.479253
0.479253
0.479253
0.479253
0.479254
0.479254
0.479254
0.479254
0.479254
0.479254
0.479255
0.479255
0.479255
0.479255
0.479255
0.479255
0.479256
0.479256
0.479256
0.479257
0.479257
0.479257
0.479257
0.479257
0.479258
0.479258
0.479259
0.479259
0.47926
0.479261
0.479261
0.479261
0.479261
0.479262
0.479263
0.479264
0.479264
0.479264
0.479264
0.479264
0.479264
0.479265
0.479265
0.479265
0.479267
0.479269
0.47927
0.479271
0.479273
0.479273
0.479274
0.479274
0.479274
0.479275
0.479275
0.479275
0.479276
0.479277
0.479277
0.479279
0.479279
0.47928
0.479284
0.479284
0.479286
0.479286
0.479286
0.479288
0.479288
0.479295
0.479302
0.479303
0.479303
0.479306
0.479307
0.479314
0.481637
0.481667
0.481681
0.481689
0.4817
0.481715
0.481721
0.481721
0.481727
0.48173
0.481733
0.481733
0.481734
0.481742
0.481745
0.481747
0.481749
0.481754
0.481755
0.48176
0.481762
0.481767
0.481772
0.481774
0.481778
0.481796
0.481799
0.481803
0.481808
0.481808
0.481818
0.481819
0.481822
0.481825
0.481827
0.481832
0.481833
0.481833
0.48184
0.48184
0.481844
0.481844
0.481848
0.481857
0.48186
0.48186
0.481862
0.481863
0.481865
0.481869
0.481876
0.481878
0.481878
0.48188
0.48188
0.481881
0.481882
0.481886
0.481888
0.481889
0.48189
0.481891
0.481897
0.481904
0.481908
0.481908
0.48191
0.481912
0.481913
0.481913
0.481918
0.481921
0.481922
0.481923
0.481923
0.481926
0.481927
0.481927
0.481932
0.481936
0.481937
0.481939
0.48194
0.481942
0.481942
0.481944
0.481946
0.481946
0.481947
0.481947
0.481948
0.48195
0.481951
0.481952
0.481954
0.481954
0.481958
0.481959
0.481959
0.48196
0.481962
0.481962
0.481962
0.481964
0.481966
0.481971
0.481972
0.481976
0.481983
0.481985
0.481987
0.48199
0.481991
0.481992
0.481993
0.481994
0.482
0.482
0.482003
0.482005
0.482007
0.482007
0.482007
0.482008
0.482013
0.482016
0.482016
0.482016
0.482018
0.48202
0.48202
0.482024
0.482028
0.482031
0.482032
0.482033
0.482034
0.482035
0.482036
0.482036
0.482038
0.482044
0.482044
0.482046
0.482048
0.48205
0.482054
0.482055
0.482055
0.482055
0.482056
0.482059
0.48206
0.48206
0.482062
0.482063
0.482063
0.482065
0.482068
0.482071
0.482074
0.482075
0.482077
0.482078
0.48208
0.482081
0.482082
0.482082
0.482083
0.482086
0.482089
0.482089
0.482091
0.482092
0.482093
0.482097
0.4821
0.482101
0.482102
0.482105
0.482114
0.482116
0.482116
0.482116
0.482121
0.482124
0.482129
0.482134
0.482135
0.482135
0.482144
0.482145
0.482147
0.482148
0.482152
0.482155
0.482156
0.48216
0.482162
0.482163
0.482163
0.482165
0.482169
0.482171
0.482174
0.482175
0.482183
0.482188
0.482188
0.482191
0.482191
0.482192
0.482193
0.482196
0.482198
0.482201
0.482201
0.482206
0.482211
0.482212
0.482215
0.482216
0.482221
0.482225
0.482229
0.48223
0.48223
0.482232
0.482232
0.482234
0.48224
0.48224
0.482243
0.482244
0.482245
0.482245
0.482249
0.482254
0.482258
0.482259
0.482263
0.482264
0.482264
0.482278
0.482279
0.482282
0.482291
0.482298
0.482301
0.482303
0.482303
0.482305
0.482311
0.482311
0.482314
0.482317
0.482325
0.482325
0.482327
0.48233
0.48233
0.482351
0.482352
0.482368
0.482374
0.482375
0.482379
0.482383
0.482386
0.482394
0.482399
0.482401
0.482404
0.482405
0.482412
0.482415
0.482418
0.48242
0.482426
0.48243
0.482434
0.482435
0.482448
0.482453
0.482453
0.482454
0.482455
0.482457
0.482458
0.482464
0.482464
0.482473
0.482473
0.482475
0.482478
0.482479
0.482488
0.482495
0.482498
0.482511
0.482517
0.482518
0.482519
0.482543
0.48255
0.482556
0.482557
0.48256
0.482567
0.482572
0.482576
0.482591
0.482634
0.48266
0.482661
0.482675
0.482678
0.482679
0.48268
0.482692
0.482721
0.482726
0.482742
0.482754
0.48276
0.48277
0.482774
0.482776
0.482778
0.482785
0.482808
0.483099
0.454751
0.454839
0.454857
0.454893
0.454906
0.454913
0.45494
0.454951
0.454964
0.45497
0.454972
0.455
0.455011
0.455011
0.455018
0.45503
0.455034
0.45505
0.455052
0.455054
0.455059
0.455074
0.455083
0.455086
0.455087
0.45509
0.455104
0.455106
0.455109
0.455133
0.455137
0.455141
0.455154
0.455162
0.455167
0.455187
0.455194
0.455198
0.455204
0.455207
0.455211
0.455212
0.455213
0.455216
0.455217
0.45522
0.455225
0.455225
0.455228
0.455242
0.455244
0.455248
0.455248
0.455253
0.455255
0.455255
0.455256
0.45526
0.455262
0.455264
0.455269
0.45527
0.455274
0.455275
0.455275
0.455284
0.455284
0.455285
0.455288
0.455289
0.455289
0.455292
0.455293
0.455299
0.455299
0.4553
0.455301
0.455302
0.455303
0.455305
0.455305
0.455306
0.455306
0.455307
0.455308
0.45531
0.455311
0.455311
0.455312
0.455315
0.455315
0.455317
0.455318
0.455319
0.455321
0.455324
0.455326
0.455329
0.455331
0.455332
0.455337
0.455338
0.455339
0.455339
0.455339
0.455339
0.45534
0.455341
0.455341
0.455352
0.455352
0.455352
0.455354
0.455357
0.455357
0.455358
0.45536
0.455362
0.455363
0.455365
0.455365
0.455366
0.455368
0.45537
0.455372
0.455377
0.455379
0.455379
0.45538
0.45538
0.455383
0.455384
0.455386
0.455386
0.45539
0.455397
0.455401
0.455401
0.455402
0.455402
0.455403
0.455403
0.455405
0.455405
0.455412
0.455413
0.455414
0.455415
0.455419
0.455419
0.455419
0.455421
0.455423
0.455424
0.455427
0.455427
0.455428
0.455429
0.455429
0.455429
0.45543
0.455431
0.455432
0.455434
0.455435
0.455437
0.45544
0.455443
0.455448
0.455449
0.45545
0.45545
0.45545
0.455455
0.455456
0.455459
0.455462
0.455463
0.455464
0.455465
0.455465
0.455467
0.455469
0.455471
0.455471
0.455473
0.455473
0.455474
0.455478
0.45548
0.45548
0.455486
0.455487
0.455493
0.455493
0.455495
0.455496
0.455498
0.455498
0.455499
0.455499
0.4555
0.4555
0.4555
0.455501
0.455503
0.455504
0.455505
0.455505
0.455505
0.455506
0.455506
0.455506
0.455508
0.455508
0.455509
0.45551
0.455512
0.455512
0.455514
0.455515
0.455515
0.455517
0.455519
0.45552
0.45552
0.455523
0.455523
0.455526
0.455527
0.455529
0.45553
0.455531
0.455532
0.455533
0.455535
0.455535
0.455537
0.455539
0.455539
0.45554
0.455541
0.455541
0.455543
0.455544
0.455544
0.455547
0.455547
0.455549
0.455549
0.455551
0.455552
0.455552
0.455554
0.455554
0.455555
0.455556
0.455558
0.455559
0.455561
0.455564
0.455565
0.455565
0.455569
0.45557
0.455571
0.455571
0.455571
0.455571
0.455573
0.455575
0.455578
0.455581
0.455582
0.455586
0.455587
0.455589
0.455594
0.455595
0.455595
0.455595
0.455596
0.455597
0.455599
0.4556
0.455601
0.455601
0.455601
0.455601
0.455604
0.455605
0.455606
0.455607
0.455607
0.455612
0.455612
0.455613
0.455614
0.455615
0.455615
0.455625
0.455626
0.455629
0.45563
0.455632
0.455638
0.455642
0.455646
0.455654
0.455656
0.455657
0.455658
0.455658
0.455662
0.455663
0.455664
0.455666
0.455666
0.455676
0.455693
0.455696
0.455703
0.455708
0.45571
0.455715
0.455724
0.455735
0.479172
0.479175
0.479177
0.479178
0.479178
0.479181
0.479181
0.479182
0.479183
0.479183
0.479183
0.479183
0.479183
0.479184
0.479185
0.479185
0.479185
0.479186
0.479186
0.479186
0.479186
0.479186
0.479187
0.479187
0.479188
0.479189
0.479189
0.479189
0.479189
0.479189
0.479189
0.479189
0.47919
0.47919
0.47919
0.47919
0.47919
0.47919
0.47919
0.479191
0.479191
0.479191
0.479191
0.479192
0.479192
0.479192
0.479192
0.479193
0.479193
0.479193
0.479193
0.479193
0.479193
0.479193
0.479193
0.479193
0.479194
0.479194
0.479194
0.479194
0.479194
0.479194
0.479194
0.479194
0.479195
0.479195
0.479195
0.479195
0.479195
0.479195
0.479195
0.479195
0.479196
0.479196
0.479196
0.479196
0.479196
0.479196
0.479196
0.479196
0.479196
0.479197
0.479197
0.479197
0.479197
0.479197
0.479197
0.479197
0.479197
0.479197
0.479198
0.479198
0.479198
0.479198
0.479198
0.479198
0.479198
0.479198
0.479199
0.479199
0.479199
0.479199
0.479199
0.479199
0.479199
0.479199
0.4792
0.4792
0.4792
0.4792
0.4792
0.479201
0.479201
0.479201
0.479201
0.479201
0.479202
0.479202
0.479202
0.479202
0.479202
0.479202
0.479202
0.479202
0.479202
0.479203
0.479203
0.479203
0.479203
0.479203
0.479203
0.479204
0.479204
0.479204
0.479204
0.479204
0.479204
0.479204
0.479204
0.479205
0.479205
0.479205
0.479205
0.479205
0.479205
0.479205
0.479206
0.479206
0.479206
0.479206
0.479206
0.479206
0.479206
0.479207
0.479207
0.479207
0.479207
0.479208
0.479208
0.479208
0.479209
0.479209
0.479209
0.479209
0.479209
0.479209
0.479209
0.479209
0.479209
0.47921
0.47921
0.47921
0.47921
0.47921
0.47921
0.47921
0.479211
0.479211
0.479211
0.479211
0.479211
0.479211
0.479212
0.479212
0.479212
0.479213
0.479213
0.479213
0.479213
0.479213
0.479213
0.479213
0.479213
0.479214
0.479214
0.479214
0.479215
0.479215
0.479215
0.479216
0.479216
0.479216
0.479216
0.479216
0.479216
0.479216
0.479216
0.479216
0.479216
0.479216
0.479216
0.479216
0.479217
0.479217
0.479217
0.479217
0.479217
0.479217
0.479217
0.479218
0.479218
0.479219
0.479219
0.479219
0.479219
0.479219
0.479219
0.479219
0.47922
0.47922
0.47922
0.479221
0.479221
0.479221
0.479221
0.479221
0.479222
0.479222
0.479222
0.479222
0.479222
0.479222
0.479222
0.479223
0.479223
0.479223
0.479223
0.479223
0.479223
0.479223
0.479223
0.479224
0.479224
0.479224
0.479225
0.479225
0.479225
0.479225
0.479225
0.479225
0.479225
0.479225
0.479226
0.479226
0.479226
0.479226
0.479226
0.479226
0.479226
0.479226
0.479227
0.479227
0.479227
0.479227
0.479227
0.479228
0.479228
0.479228
0.479228
0.479228
0.479228
0.479229
0.479229
0.479229
0.47923
0.47923
0.47923
0.47923
0.47923
0.47923
0.479231
0.479232
0.479232
0.479233
0.479234
0.479234
0.479234
0.479235
0.479236
0.479236
0.479237
0.479237
0.479237
0.479237
0.479237
0.479237
0.479238
0.479238
0.479238
0.47924
0.479242
0.479243
0.479244
0.479246
0.479246
0.479247
0.479247
0.479247
0.479248
0.479248
0.479248
0.479249
0.47925
0.47925
0.479252
0.479252
0.479253
0.479257
0.479258
0.479259
0.479259
0.479259
0.479261
0.479261
0.479268
0.479276
0.479276
0.479276
0.47928
0.47928
0.479287
0.481616
0.481646
0.48166
0.481668
0.481679
0.481694
0.4817
0.4817
0.481706
0.481709
0.481711
0.481712
0.481713
0.481721
0.481724
0.481726
0.481728
0.481733
0.481734
0.481739
0.481741
0.481746
0.481751
0.481753
0.481757
0.481775
0.481778
0.481782
0.481787
0.481787
0.481797
0.481798
0.481801
0.481804
0.481805
0.481811
0.481812
0.481812
0.481819
0.481819
0.481822
0.481823
0.481827
0.481836
0.481839
0.481839
0.481841
0.481842
0.481844
0.481848
0.481855
0.481857
0.481857
0.481859
0.481859
0.48186
0.48186
0.481864
0.481867
0.481868
0.481869
0.48187
0.481876
0.481883
0.481887
0.481887
0.481889
0.481891
0.481892
0.481892
0.481897
0.4819
0.481901
0.481902
0.481902
0.481905
0.481906
0.481906
0.481911
0.481915
0.481916
0.481918
0.481919
0.481921
0.481921
0.481923
0.481925
0.481925
0.481926
0.481926
0.481927
0.481929
0.48193
0.481931
0.481933
0.481933
0.481937
0.481938
0.481938
0.481939
0.481941
0.481941
0.481941
0.481943
0.481945
0.48195
0.481951
0.481955
0.481962
0.481964
0.481966
0.481969
0.48197
0.481971
0.481972
0.481973
0.481979
0.481979
0.481982
0.481984
0.481986
0.481986
0.481986
0.481987
0.481992
0.481995
0.481995
0.481995
0.481997
0.481999
0.481999
0.482003
0.482007
0.482011
0.482011
0.482012
0.482013
0.482014
0.482015
0.482015
0.482017
0.482023
0.482023
0.482025
0.482027
0.482029
0.482033
0.482034
0.482034
0.482034
0.482035
0.482038
0.482039
0.482039
0.482041
0.482042
0.482042
0.482044
0.482047
0.48205
0.482052
0.482054
0.482056
0.482057
0.482059
0.48206
0.482061
0.482061
0.482062
0.482065
0.482068
0.482068
0.48207
0.482071
0.482072
0.482076
0.482079
0.48208
0.482081
0.482084
0.482093
0.482095
0.482095
0.482095
0.4821
0.482103
0.482108
0.482113
0.482114
0.482114
0.482123
0.482124
0.482126
0.482127
0.482131
0.482134
0.482135
0.482139
0.482142
0.482142
0.482143
0.482144
0.482148
0.48215
0.482153
0.482154
0.482162
0.482167
0.482167
0.48217
0.48217
0.482171
0.482172
0.482175
0.482177
0.48218
0.48218
0.482185
0.48219
0.482191
0.482194
0.482195
0.4822
0.482204
0.482208
0.482209
0.482209
0.482211
0.482211
0.482213
0.482219
0.482219
0.482222
0.482223
0.482224
0.482224
0.482228
0.482233
0.482237
0.482238
0.482242
0.482243
0.482243
0.482257
0.482258
0.482261
0.48227
0.482277
0.48228
0.482282
0.482282
0.482284
0.48229
0.48229
0.482293
0.482296
0.482304
0.482304
0.482306
0.482309
0.482309
0.48233
0.482331
0.482347
0.482354
0.482354
0.482359
0.482362
0.482365
0.482373
0.482378
0.48238
0.482383
0.482384
0.482391
0.482394
0.482397
0.482399
0.482405
0.482409
0.482413
0.482414
0.482427
0.482432
0.482432
0.482433
0.482434
0.482436
0.482437
0.482443
0.482443
0.482452
0.482452
0.482454
0.482457
0.482458
0.482468
0.482474
0.482478
0.48249
0.482497
0.482497
0.482498
0.482522
0.482529
0.482535
0.482536
0.482539
0.482546
0.482552
0.482555
0.48257
0.482613
0.482639
0.48264
0.482654
0.482657
0.482658
0.482659
0.482671
0.4827
0.482706
0.482721
0.482733
0.482739
0.482749
0.482753
0.482755
0.482757
0.482764
0.482787
0.483079
0.454788
0.454876
0.454895
0.454931
0.454944
0.454951
0.454978
0.454988
0.455002
0.455007
0.45501
0.455037
0.455048
0.455049
0.455056
0.455068
0.455072
0.455088
0.45509
0.455092
0.455097
0.455112
0.455121
0.455124
0.455125
0.455128
0.455142
0.455144
0.455146
0.455171
0.455175
0.455179
0.455192
0.4552
0.455205
0.455225
0.455232
0.455236
0.455242
0.455245
0.455249
0.45525
0.455251
0.455254
0.455255
0.455258
0.455263
0.455263
0.455266
0.45528
0.455282
0.455286
0.455286
0.455291
0.455293
0.455293
0.455294
0.455298
0.4553
0.455302
0.455307
0.455308
0.455312
0.455313
0.455313
0.455322
0.455322
0.455323
0.455326
0.455327
0.455327
0.45533
0.455331
0.455337
0.455337
0.455338
0.455339
0.45534
0.455341
0.455343
0.455343
0.455344
0.455345
0.455345
0.455346
0.455348
0.455349
0.455349
0.45535
0.455353
0.455353
0.455355
0.455356
0.455357
0.455359
0.455362
0.455365
0.455367
0.455369
0.45537
0.455375
0.455376
0.455377
0.455377
0.455377
0.455378
0.455378
0.455379
0.45538
0.45539
0.45539
0.455391
0.455392
0.455395
0.455395
0.455396
0.455399
0.4554
0.455401
0.455403
0.455403
0.455404
0.455407
0.455408
0.45541
0.455415
0.455417
0.455418
0.455418
0.455418
0.455421
0.455422
0.455424
0.455424
0.455429
0.455435
0.455439
0.45544
0.45544
0.45544
0.455441
0.455441
0.455443
0.455443
0.45545
0.455452
0.455452
0.455453
0.455457
0.455457
0.455458
0.45546
0.455462
0.455462
0.455465
0.455465
0.455467
0.455467
0.455467
0.455468
0.455468
0.455469
0.45547
0.455472
0.455474
0.455475
0.455478
0.455482
0.455486
0.455487
0.455488
0.455488
0.455489
0.455493
0.455494
0.455497
0.4555
0.455501
0.455502
0.455503
0.455503
0.455506
0.455507
0.455509
0.45551
0.455511
0.455512
0.455513
0.455516
0.455518
0.455518
0.455524
0.455525
0.455531
0.455532
0.455534
0.455534
0.455536
0.455536
0.455537
0.455537
0.455538
0.455539
0.455539
0.455539
0.455541
0.455542
0.455543
0.455543
0.455544
0.455544
0.455544
0.455544
0.455546
0.455546
0.455548
0.455549
0.45555
0.455551
0.455553
0.455554
0.455554
0.455555
0.455558
0.455558
0.455559
0.455562
0.455562
0.455564
0.455566
0.455568
0.455568
0.455569
0.455571
0.455571
0.455573
0.455574
0.455576
0.455577
0.455578
0.455578
0.455579
0.455579
0.455582
0.455582
0.455582
0.455585
0.455586
0.455587
0.455588
0.45559
0.45559
0.45559
0.455592
0.455592
0.455594
0.455595
0.455597
0.455598
0.4556
0.455602
0.455603
0.455603
0.455608
0.455609
0.455609
0.455609
0.455609
0.45561
0.455611
0.455614
0.455616
0.45562
0.455621
0.455624
0.455626
0.455628
0.455633
0.455634
0.455634
0.455634
0.455635
0.455636
0.455637
0.455639
0.455639
0.455639
0.455639
0.45564
0.455643
0.455643
0.455645
0.455646
0.455646
0.455651
0.455651
0.455652
0.455652
0.455653
0.455654
0.455663
0.455665
0.455667
0.455668
0.45567
0.455677
0.45568
0.455684
0.455693
0.455694
0.455696
0.455697
0.455697
0.455701
0.455702
0.455702
0.455704
0.455705
0.455714
0.455732
0.455735
0.455741
0.455747
0.455749
0.455754
0.455763
0.455774
0.479145
0.479148
0.47915
0.479151
0.479151
0.479154
0.479154
0.479155
0.479155
0.479156
0.479156
0.479156
0.479156
0.479157
0.479158
0.479158
0.479158
0.479159
0.479159
0.479159
0.479159
0.479159
0.47916
0.47916
0.479161
0.479162
0.479162
0.479162
0.479162
0.479162
0.479162
0.479162
0.479163
0.479163
0.479163
0.479163
0.479163
0.479163
0.479163
0.479164
0.479164
0.479164
0.479165
0.479165
0.479165
0.479165
0.479165
0.479166
0.479166
0.479166
0.479166
0.479166
0.479166
0.479166
0.479166
0.479166
0.479167
0.479167
0.479167
0.479167
0.479167
0.479167
0.479167
0.479167
0.479168
0.479168
0.479168
0.479168
0.479168
0.479168
0.479168
0.479168
0.479169
0.479169
0.479169
0.479169
0.479169
0.479169
0.479169
0.479169
0.479169
0.47917
0.47917
0.47917
0.47917
0.47917
0.47917
0.47917
0.47917
0.47917
0.479171
0.479171
0.479171
0.479171
0.479171
0.479171
0.479171
0.479171
0.479172
0.479172
0.479172
0.479172
0.479172
0.479172
0.479172
0.479172
0.479173
0.479173
0.479173
0.479173
0.479173
0.479173
0.479174
0.479174
0.479174
0.479174
0.479175
0.479175
0.479175
0.479175
0.479175
0.479175
0.479175
0.479175
0.479175
0.479176
0.479176
0.479176
0.479176
0.479176
0.479176
0.479177
0.479177
0.479177
0.479177
0.479177
0.479177
0.479177
0.479177
0.479177
0.479177
0.479178
0.479178
0.479178
0.479178
0.479178
0.479179
0.479179
0.479179
0.479179
0.479179
0.479179
0.479179
0.47918
0.47918
0.47918
0.479181
0.479181
0.479181
0.479181
0.479182
0.479182
0.479182
0.479182
0.479182
0.479182
0.479182
0.479182
0.479182
0.479183
0.479183
0.479183
0.479183
0.479183
0.479183
0.479183
0.479184
0.479184
0.479184
0.479184
0.479184
0.479184
0.479185
0.479185
0.479185
0.479186
0.479186
0.479186
0.479186
0.479186
0.479186
0.479186
0.479186
0.479187
0.479187
0.479187
0.479188
0.479188
0.479188
0.479189
0.479189
0.479189
0.479189
0.479189
0.479189
0.479189
0.479189
0.479189
0.479189
0.479189
0.47919
0.47919
0.47919
0.47919
0.47919
0.47919
0.47919
0.47919
0.47919
0.479191
0.479191
0.479192
0.479192
0.479192
0.479192
0.479192
0.479192
0.479192
0.479193
0.479193
0.479193
0.479194
0.479194
0.479194
0.479194
0.479194
0.479195
0.479195
0.479195
0.479195
0.479195
0.479195
0.479196
0.479196
0.479196
0.479196
0.479196
0.479196
0.479196
0.479196
0.479196
0.479197
0.479197
0.479197
0.479198
0.479198
0.479198
0.479198
0.479198
0.479198
0.479198
0.479198
0.479199
0.479199
0.479199
0.479199
0.479199
0.479199
0.479199
0.479199
0.4792
0.4792
0.4792
0.4792
0.4792
0.479201
0.479201
0.479201
0.479201
0.479201
0.479201
0.479202
0.479202
0.479202
0.479203
0.479203
0.479203
0.479203
0.479203
0.479203
0.479204
0.479205
0.479205
0.479206
0.479207
0.479207
0.479207
0.479208
0.479209
0.479209
0.47921
0.47921
0.47921
0.47921
0.47921
0.47921
0.479211
0.479211
0.479211
0.479213
0.479215
0.479216
0.479217
0.479219
0.47922
0.47922
0.47922
0.47922
0.479221
0.479221
0.479222
0.479222
0.479223
0.479223
0.479225
0.479225
0.479226
0.47923
0.479231
0.479232
0.479232
0.479232
0.479235
0.479235
0.479241
0.479249
0.479249
0.47925
0.479253
0.479253
0.47926
0.481595
0.481625
0.481639
0.481647
0.481658
0.481673
0.481679
0.481679
0.481685
0.481688
0.48169
0.481691
0.481692
0.4817
0.481703
0.481705
0.481707
0.481712
0.481713
0.481718
0.48172
0.481725
0.48173
0.481732
0.481736
0.481754
0.481757
0.481761
0.481766
0.481766
0.481776
0.481777
0.48178
0.481783
0.481784
0.48179
0.481791
0.481791
0.481798
0.481798
0.481801
0.481802
0.481806
0.481815
0.481818
0.481818
0.48182
0.481821
0.481823
0.481827
0.481834
0.481836
0.481836
0.481838
0.481838
0.481839
0.48184
0.481843
0.481846
0.481847
0.481848
0.481849
0.481855
0.481862
0.481866
0.481866
0.481868
0.48187
0.481871
0.481871
0.481877
0.481879
0.48188
0.481881
0.481881
0.481884
0.481885
0.481885
0.48189
0.481894
0.481895
0.481897
0.481898
0.4819
0.4819
0.481902
0.481904
0.481904
0.481905
0.481905
0.481906
0.481908
0.481909
0.48191
0.481912
0.481912
0.481916
0.481917
0.481917
0.481918
0.48192
0.48192
0.48192
0.481922
0.481924
0.481929
0.48193
0.481934
0.481941
0.481943
0.481945
0.481948
0.481949
0.48195
0.481951
0.481952
0.481958
0.481958
0.481961
0.481963
0.481965
0.481965
0.481966
0.481966
0.481971
0.481974
0.481974
0.481974
0.481976
0.481978
0.481979
0.481982
0.481986
0.48199
0.48199
0.481991
0.481992
0.481993
0.481994
0.481994
0.481996
0.482002
0.482002
0.482004
0.482006
0.482008
0.482012
0.482013
0.482013
0.482013
0.482014
0.482017
0.482018
0.482019
0.48202
0.482021
0.482022
0.482023
0.482026
0.482029
0.482032
0.482033
0.482035
0.482036
0.482038
0.482039
0.48204
0.48204
0.482041
0.482044
0.482047
0.482048
0.482049
0.48205
0.482052
0.482055
0.482058
0.482059
0.48206
0.482063
0.482072
0.482074
0.482074
0.482074
0.482079
0.482082
0.482087
0.482092
0.482093
0.482093
0.482103
0.482103
0.482105
0.482106
0.48211
0.482113
0.482114
0.482118
0.482121
0.482121
0.482122
0.482123
0.482127
0.482129
0.482132
0.482133
0.482141
0.482146
0.482146
0.482149
0.482149
0.48215
0.482151
0.482154
0.482156
0.482159
0.48216
0.482164
0.482169
0.48217
0.482173
0.482174
0.482179
0.482183
0.482187
0.482188
0.482188
0.48219
0.48219
0.482192
0.482198
0.482199
0.482202
0.482202
0.482203
0.482203
0.482207
0.482212
0.482216
0.482217
0.482221
0.482222
0.482222
0.482236
0.482237
0.48224
0.482249
0.482256
0.482259
0.482261
0.482261
0.482263
0.48227
0.48227
0.482272
0.482275
0.482283
0.482283
0.482285
0.482288
0.482288
0.48231
0.48231
0.482326
0.482333
0.482333
0.482338
0.482341
0.482344
0.482352
0.482357
0.482359
0.482362
0.482363
0.48237
0.482373
0.482377
0.482378
0.482384
0.482389
0.482393
0.482393
0.482407
0.482411
0.482411
0.482412
0.482414
0.482415
0.482416
0.482422
0.482422
0.482431
0.482431
0.482433
0.482436
0.482437
0.482447
0.482453
0.482457
0.48247
0.482476
0.482476
0.482477
0.482501
0.482508
0.482514
0.482515
0.482519
0.482525
0.482531
0.482534
0.482549
0.482593
0.482618
0.482619
0.482633
0.482636
0.482637
0.482638
0.48265
0.482679
0.482685
0.4827
0.482712
0.482718
0.482728
0.482733
0.482734
0.482736
0.482744
0.482766
0.483058
0.454826
0.454913
0.454932
0.454968
0.454981
0.454988
0.455015
0.455026
0.45504
0.455045
0.455048
0.455075
0.455086
0.455087
0.455093
0.455105
0.45511
0.455125
0.455127
0.455129
0.455135
0.45515
0.455159
0.455162
0.455163
0.455166
0.45518
0.455182
0.455184
0.455209
0.455213
0.455217
0.455229
0.455238
0.455243
0.455263
0.45527
0.455274
0.455279
0.455283
0.455287
0.455288
0.455289
0.455292
0.455293
0.455296
0.455301
0.455301
0.455304
0.455318
0.45532
0.455323
0.455324
0.455329
0.455331
0.455331
0.455332
0.455336
0.455338
0.45534
0.455345
0.455346
0.45535
0.455351
0.455351
0.45536
0.45536
0.455361
0.455364
0.455365
0.455365
0.455368
0.45537
0.455375
0.455375
0.455376
0.455378
0.455378
0.45538
0.455381
0.455381
0.455382
0.455383
0.455383
0.455384
0.455386
0.455387
0.455387
0.455389
0.455391
0.455392
0.455393
0.455394
0.455395
0.455397
0.4554
0.455403
0.455405
0.455407
0.455408
0.455413
0.455414
0.455415
0.455415
0.455415
0.455416
0.455416
0.455418
0.455418
0.455428
0.455428
0.455429
0.45543
0.455433
0.455434
0.455434
0.455437
0.455438
0.45544
0.455441
0.455441
0.455442
0.455445
0.455446
0.455448
0.455453
0.455455
0.455456
0.455456
0.455456
0.455459
0.45546
0.455462
0.455463
0.455467
0.455473
0.455477
0.455478
0.455478
0.455479
0.455479
0.455479
0.455481
0.455482
0.455489
0.45549
0.45549
0.455491
0.455495
0.455496
0.455496
0.455498
0.4555
0.4555
0.455503
0.455503
0.455505
0.455505
0.455506
0.455506
0.455506
0.455507
0.455508
0.45551
0.455512
0.455513
0.455516
0.45552
0.455525
0.455525
0.455526
0.455526
0.455527
0.455531
0.455532
0.455536
0.455538
0.455539
0.455541
0.455541
0.455541
0.455544
0.455545
0.455547
0.455548
0.455549
0.45555
0.455551
0.455554
0.455556
0.455557
0.455563
0.455563
0.45557
0.45557
0.455572
0.455572
0.455574
0.455575
0.455575
0.455576
0.455576
0.455577
0.455577
0.455578
0.45558
0.45558
0.455581
0.455581
0.455582
0.455582
0.455582
0.455583
0.455584
0.455585
0.455586
0.455587
0.455589
0.455589
0.455591
0.455592
0.455592
0.455594
0.455596
0.455597
0.455597
0.4556
0.4556
0.455603
0.455604
0.455606
0.455606
0.455608
0.455609
0.45561
0.455611
0.455612
0.455614
0.455615
0.455616
0.455616
0.455617
0.455617
0.45562
0.45562
0.455621
0.455624
0.455624
0.455626
0.455626
0.455628
0.455628
0.455629
0.45563
0.455631
0.455632
0.455633
0.455635
0.455636
0.455638
0.455641
0.455641
0.455641
0.455646
0.455647
0.455647
0.455648
0.455648
0.455648
0.45565
0.455652
0.455655
0.455658
0.455659
0.455663
0.455664
0.455666
0.455671
0.455672
0.455672
0.455672
0.455673
0.455674
0.455675
0.455677
0.455677
0.455678
0.455678
0.455678
0.455681
0.455682
0.455683
0.455684
0.455684
0.455689
0.455689
0.45569
0.455691
0.455691
0.455692
0.455702
0.455703
0.455706
0.455707
0.455708
0.455715
0.455719
0.455723
0.455731
0.455733
0.455734
0.455735
0.455736
0.455739
0.45574
0.455741
0.455743
0.455743
0.455753
0.455771
0.455774
0.45578
0.455785
0.455787
0.455793
0.455801
0.455813
0.479119
0.479121
0.479124
0.479124
0.479124
0.479127
0.479127
0.479128
0.479128
0.479129
0.479129
0.479129
0.479129
0.47913
0.479131
0.479131
0.479131
0.479132
0.479132
0.479132
0.479132
0.479132
0.479133
0.479133
0.479134
0.479135
0.479135
0.479135
0.479135
0.479135
0.479135
0.479135
0.479136
0.479136
0.479136
0.479136
0.479136
0.479136
0.479136
0.479137
0.479137
0.479137
0.479138
0.479138
0.479138
0.479138
0.479138
0.479139
0.479139
0.479139
0.479139
0.479139
0.479139
0.479139
0.479139
0.47914
0.47914
0.47914
0.47914
0.47914
0.47914
0.47914
0.47914
0.47914
0.47914
0.479141
0.479141
0.479141
0.479141
0.479141
0.479141
0.479141
0.479142
0.479142
0.479142
0.479142
0.479142
0.479142
0.479142
0.479142
0.479142
0.479143
0.479143
0.479143
0.479143
0.479143
0.479143
0.479143
0.479143
0.479143
0.479144
0.479144
0.479144
0.479144
0.479144
0.479144
0.479144
0.479145
0.479145
0.479145
0.479145
0.479145
0.479145
0.479145
0.479145
0.479146
0.479146
0.479146
0.479146
0.479146
0.479146
0.479147
0.479147
0.479147
0.479147
0.479147
0.479148
0.479148
0.479148
0.479148
0.479148
0.479148
0.479149
0.479149
0.479149
0.479149
0.479149
0.479149
0.479149
0.479149
0.479149
0.479149
0.47915
0.47915
0.47915
0.47915
0.47915
0.47915
0.47915
0.47915
0.479151
0.479151
0.479151
0.479151
0.479151
0.479151
0.479152
0.479152
0.479152
0.479152
0.479152
0.479152
0.479152
0.479152
0.479153
0.479153
0.479154
0.479154
0.479154
0.479154
0.479155
0.479155
0.479155
0.479155
0.479155
0.479155
0.479156
0.479156
0.479156
0.479156
0.479156
0.479156
0.479156
0.479156
0.479156
0.479156
0.479157
0.479157
0.479157
0.479157
0.479157
0.479158
0.479158
0.479158
0.479158
0.479159
0.479159
0.479159
0.479159
0.479159
0.479159
0.479159
0.479159
0.47916
0.47916
0.479161
0.479161
0.479161
0.479161
0.479162
0.479162
0.479162
0.479162
0.479162
0.479162
0.479162
0.479162
0.479162
0.479162
0.479162
0.479163
0.479163
0.479163
0.479163
0.479163
0.479163
0.479163
0.479163
0.479163
0.479164
0.479164
0.479165
0.479165
0.479165
0.479165
0.479165
0.479166
0.479166
0.479166
0.479166
0.479166
0.479167
0.479167
0.479167
0.479167
0.479167
0.479168
0.479168
0.479168
0.479168
0.479168
0.479168
0.479169
0.479169
0.479169
0.479169
0.479169
0.479169
0.479169
0.479169
0.479169
0.47917
0.47917
0.479171
0.479171
0.479171
0.479171
0.479171
0.479171
0.479171
0.479172
0.479172
0.479172
0.479172
0.479172
0.479172
0.479172
0.479172
0.479172
0.479173
0.479173
0.479173
0.479173
0.479173
0.479173
0.479174
0.479174
0.479174
0.479174
0.479174
0.479174
0.479175
0.479175
0.479176
0.479176
0.479176
0.479176
0.479176
0.479176
0.479177
0.479177
0.479178
0.479178
0.479179
0.47918
0.47918
0.47918
0.479181
0.479182
0.479183
0.479183
0.479183
0.479183
0.479183
0.479183
0.479184
0.479184
0.479184
0.479184
0.479186
0.479188
0.479189
0.47919
0.479192
0.479193
0.479193
0.479193
0.479193
0.479194
0.479195
0.479195
0.479196
0.479196
0.479196
0.479198
0.479198
0.479199
0.479203
0.479204
0.479205
0.479205
0.479205
0.479208
0.479208
0.479214
0.479222
0.479223
0.479223
0.479226
0.479226
0.479234
0.481574
0.481604
0.481618
0.481626
0.481637
0.481652
0.481658
0.481658
0.481664
0.481667
0.481669
0.48167
0.481671
0.481679
0.481682
0.481684
0.481686
0.481691
0.481692
0.481697
0.481699
0.481704
0.481709
0.481711
0.481715
0.481733
0.481736
0.48174
0.481745
0.481745
0.481755
0.481756
0.481759
0.481762
0.481764
0.481769
0.48177
0.48177
0.481777
0.481777
0.48178
0.481781
0.481785
0.481794
0.481797
0.481798
0.481799
0.4818
0.481802
0.481806
0.481813
0.481815
0.481816
0.481817
0.481817
0.481818
0.481819
0.481823
0.481825
0.481826
0.481827
0.481828
0.481834
0.481841
0.481845
0.481845
0.481847
0.481849
0.48185
0.48185
0.481856
0.481858
0.481859
0.48186
0.48186
0.481863
0.481864
0.481864
0.481869
0.481873
0.481874
0.481876
0.481877
0.481879
0.481879
0.481881
0.481883
0.481883
0.481884
0.481885
0.481885
0.481887
0.481888
0.48189
0.481891
0.481892
0.481895
0.481896
0.481896
0.481898
0.481899
0.481899
0.481899
0.481901
0.481903
0.481908
0.481909
0.481913
0.48192
0.481922
0.481924
0.481927
0.481928
0.481929
0.48193
0.481932
0.481937
0.481937
0.48194
0.481942
0.481944
0.481944
0.481945
0.481945
0.481951
0.481953
0.481953
0.481953
0.481955
0.481957
0.481958
0.481961
0.481965
0.481969
0.481969
0.48197
0.481971
0.481972
0.481973
0.481974
0.481975
0.481981
0.481981
0.481984
0.481985
0.481987
0.481991
0.481992
0.481992
0.481992
0.481993
0.481996
0.481998
0.481998
0.481999
0.482
0.482001
0.482002
0.482005
0.482008
0.482011
0.482012
0.482014
0.482015
0.482017
0.482018
0.482019
0.48202
0.48202
0.482023
0.482026
0.482027
0.482028
0.482029
0.482031
0.482034
0.482037
0.482038
0.482039
0.482042
0.482051
0.482053
0.482053
0.482053
0.482058
0.482061
0.482067
0.482071
0.482072
0.482072
0.482082
0.482082
0.482085
0.482085
0.482089
0.482093
0.482093
0.482097
0.4821
0.4821
0.482101
0.482102
0.482106
0.482108
0.482111
0.482112
0.48212
0.482125
0.482125
0.482128
0.482128
0.48213
0.482131
0.482133
0.482136
0.482138
0.482139
0.482143
0.482148
0.48215
0.482152
0.482153
0.482159
0.482162
0.482166
0.482167
0.482167
0.482169
0.482169
0.482171
0.482177
0.482178
0.482181
0.482181
0.482182
0.482182
0.482186
0.482191
0.482196
0.482197
0.4822
0.482201
0.482202
0.482215
0.482216
0.482219
0.482229
0.482235
0.482238
0.48224
0.48224
0.482242
0.482249
0.482249
0.482252
0.482254
0.482262
0.482262
0.482264
0.482267
0.482268
0.482289
0.48229
0.482305
0.482312
0.482312
0.482317
0.48232
0.482323
0.482331
0.482336
0.482339
0.482341
0.482343
0.482349
0.482352
0.482356
0.482357
0.482363
0.482368
0.482372
0.482372
0.482386
0.48239
0.482391
0.482391
0.482393
0.482395
0.482395
0.482401
0.482401
0.48241
0.48241
0.482412
0.482415
0.482416
0.482426
0.482432
0.482436
0.482449
0.482455
0.482455
0.482456
0.48248
0.482487
0.482493
0.482494
0.482498
0.482504
0.48251
0.482513
0.482528
0.482572
0.482597
0.482598
0.482613
0.482615
0.482616
0.482618
0.48263
0.482658
0.482664
0.482679
0.482691
0.482697
0.482707
0.482712
0.482713
0.482715
0.482723
0.482745
0.483037
0.454863
0.454951
0.45497
0.455006
0.455019
0.455026
0.455053
0.455064
0.455077
0.455083
0.455085
0.455113
0.455124
0.455124
0.455131
0.455143
0.455147
0.455163
0.455165
0.455167
0.455172
0.455188
0.455196
0.4552
0.4552
0.455203
0.455218
0.455219
0.455222
0.455246
0.45525
0.455254
0.455267
0.455275
0.45528
0.455301
0.455308
0.455312
0.455317
0.455321
0.455325
0.455326
0.455327
0.45533
0.455331
0.455334
0.455339
0.455339
0.455342
0.455356
0.455358
0.455361
0.455362
0.455367
0.455369
0.455369
0.45537
0.455374
0.455376
0.455378
0.455383
0.455384
0.455388
0.455389
0.455389
0.455398
0.455398
0.455399
0.455402
0.455403
0.455403
0.455406
0.455407
0.455413
0.455413
0.455414
0.455415
0.455416
0.455418
0.455419
0.455419
0.45542
0.455421
0.455421
0.455422
0.455424
0.455425
0.455425
0.455427
0.455429
0.45543
0.455431
0.455432
0.455433
0.455435
0.455438
0.455441
0.455443
0.455445
0.455446
0.455451
0.455452
0.455453
0.455453
0.455453
0.455454
0.455454
0.455456
0.455456
0.455466
0.455466
0.455467
0.455468
0.455471
0.455471
0.455472
0.455475
0.455476
0.455478
0.455479
0.455479
0.45548
0.455483
0.455484
0.455486
0.455491
0.455493
0.455494
0.455494
0.455494
0.455497
0.455498
0.4555
0.455501
0.455505
0.455511
0.455515
0.455516
0.455516
0.455517
0.455517
0.455517
0.455519
0.45552
0.455527
0.455528
0.455528
0.455529
0.455534
0.455534
0.455534
0.455536
0.455538
0.455538
0.455541
0.455541
0.455543
0.455544
0.455544
0.455544
0.455544
0.455545
0.455546
0.455548
0.45555
0.455551
0.455554
0.455558
0.455563
0.455564
0.455564
0.455565
0.455565
0.455569
0.45557
0.455574
0.455576
0.455578
0.455579
0.455579
0.45558
0.455582
0.455583
0.455585
0.455586
0.455588
0.455588
0.455589
0.455592
0.455594
0.455595
0.455601
0.455602
0.455608
0.455608
0.45561
0.455611
0.455613
0.455613
0.455614
0.455614
0.455615
0.455615
0.455615
0.455616
0.455618
0.455619
0.455619
0.45562
0.45562
0.45562
0.455621
0.455621
0.455623
0.455623
0.455624
0.455625
0.455627
0.455627
0.455629
0.45563
0.45563
0.455632
0.455634
0.455635
0.455635
0.455638
0.455638
0.455641
0.455643
0.455644
0.455645
0.455646
0.455647
0.455648
0.45565
0.45565
0.455652
0.455654
0.455655
0.455655
0.455655
0.455656
0.455658
0.455659
0.455659
0.455662
0.455662
0.455664
0.455664
0.455666
0.455667
0.455667
0.455668
0.455669
0.455671
0.455671
0.455673
0.455675
0.455677
0.455679
0.45568
0.45568
0.455685
0.455685
0.455686
0.455686
0.455686
0.455686
0.455688
0.45569
0.455693
0.455696
0.455697
0.455701
0.455703
0.455705
0.455709
0.45571
0.45571
0.455711
0.455711
0.455713
0.455714
0.455715
0.455716
0.455716
0.455716
0.455717
0.455719
0.45572
0.455721
0.455722
0.455722
0.455727
0.455728
0.455728
0.455729
0.45573
0.455731
0.45574
0.455741
0.455744
0.455745
0.455747
0.455754
0.455757
0.455761
0.45577
0.455771
0.455773
0.455774
0.455774
0.455778
0.455779
0.455779
0.455781
0.455782
0.455791
0.455809
0.455812
0.455819
0.455824
0.455826
0.455831
0.45584
0.455851
0.479092
0.479094
0.479097
0.479097
0.479097
0.4791
0.4791
0.479101
0.479102
0.479102
0.479102
0.479102
0.479102
0.479103
0.479104
0.479104
0.479104
0.479105
0.479105
0.479105
0.479105
0.479105
0.479106
0.479106
0.479107
0.479108
0.479108
0.479108
0.479108
0.479108
0.479108
0.479108
0.479109
0.479109
0.479109
0.479109
0.479109
0.479109
0.479109
0.47911
0.47911
0.479111
0.479111
0.479111
0.479111
0.479111
0.479111
0.479112
0.479112
0.479112
0.479112
0.479112
0.479112
0.479112
0.479112
0.479113
0.479113
0.479113
0.479113
0.479113
0.479113
0.479113
0.479113
0.479113
0.479114
0.479114
0.479114
0.479114
0.479114
0.479114
0.479114
0.479115
0.479115
0.479115
0.479115
0.479115
0.479115
0.479115
0.479115
0.479115
0.479116
0.479116
0.479116
0.479116
0.479116
0.479116
0.479116
0.479116
0.479117
0.479117
0.479117
0.479117
0.479117
0.479117
0.479117
0.479117
0.479117
0.479118
0.479118
0.479118
0.479118
0.479118
0.479118
0.479118
0.479118
0.479119
0.479119
0.479119
0.479119
0.479119
0.47912
0.47912
0.47912
0.47912
0.47912
0.47912
0.479121
0.479121
0.479121
0.479121
0.479121
0.479121
0.479122
0.479122
0.479122
0.479122
0.479122
0.479122
0.479122
0.479122
0.479122
0.479123
0.479123
0.479123
0.479123
0.479123
0.479123
0.479123
0.479124
0.479124
0.479124
0.479124
0.479124
0.479124
0.479124
0.479124
0.479125
0.479125
0.479125
0.479125
0.479125
0.479125
0.479126
0.479126
0.479126
0.479126
0.479127
0.479127
0.479127
0.479127
0.479128
0.479128
0.479128
0.479128
0.479128
0.479129
0.479129
0.479129
0.479129
0.479129
0.479129
0.479129
0.479129
0.479129
0.479129
0.47913
0.47913
0.47913
0.47913
0.47913
0.47913
0.479131
0.479131
0.479131
0.479131
0.479132
0.479132
0.479132
0.479132
0.479132
0.479132
0.479133
0.479133
0.479133
0.479133
0.479134
0.479134
0.479134
0.479134
0.479135
0.479135
0.479135
0.479135
0.479135
0.479135
0.479135
0.479135
0.479135
0.479135
0.479136
0.479136
0.479136
0.479136
0.479136
0.479136
0.479136
0.479136
0.479136
0.479137
0.479137
0.479138
0.479138
0.479138
0.479138
0.479138
0.479139
0.479139
0.479139
0.479139
0.479139
0.479139
0.47914
0.47914
0.47914
0.479141
0.479141
0.479141
0.479141
0.479141
0.479141
0.479141
0.479141
0.479142
0.479142
0.479142
0.479142
0.479142
0.479142
0.479142
0.479143
0.479143
0.479143
0.479144
0.479144
0.479144
0.479144
0.479144
0.479144
0.479144
0.479144
0.479145
0.479145
0.479145
0.479145
0.479145
0.479145
0.479145
0.479145
0.479146
0.479146
0.479146
0.479146
0.479146
0.479147
0.479147
0.479147
0.479147
0.479147
0.479147
0.479148
0.479148
0.479148
0.479148
0.479149
0.479149
0.479149
0.479149
0.47915
0.47915
0.47915
0.479151
0.479151
0.479151
0.479152
0.479153
0.479154
0.479154
0.479154
0.479155
0.479156
0.479156
0.479156
0.479156
0.479156
0.479156
0.479157
0.479157
0.479157
0.479157
0.479159
0.479161
0.479162
0.479164
0.479166
0.479166
0.479166
0.479166
0.479167
0.479168
0.479168
0.479168
0.479169
0.479169
0.47917
0.479171
0.479172
0.479173
0.479177
0.479177
0.479178
0.479179
0.479179
0.479181
0.479181
0.479188
0.479195
0.479196
0.479196
0.4792
0.4792
0.479207
0.481553
0.481583
0.481597
0.481605
0.481617
0.481631
0.481637
0.481637
0.481643
0.481646
0.481649
0.481649
0.48165
0.481658
0.481661
0.481663
0.481665
0.48167
0.481671
0.481676
0.481678
0.481684
0.481688
0.48169
0.481694
0.481712
0.481715
0.481719
0.481724
0.481724
0.481734
0.481735
0.481738
0.481741
0.481743
0.481748
0.481749
0.481749
0.481756
0.481756
0.48176
0.48176
0.481764
0.481773
0.481776
0.481777
0.481778
0.48178
0.481781
0.481785
0.481792
0.481794
0.481795
0.481796
0.481797
0.481797
0.481798
0.481802
0.481805
0.481805
0.481806
0.481807
0.481813
0.48182
0.481824
0.481824
0.481826
0.481828
0.481829
0.481829
0.481835
0.481837
0.481838
0.481839
0.481839
0.481842
0.481843
0.481843
0.481848
0.481852
0.481853
0.481855
0.481857
0.481858
0.481858
0.48186
0.481863
0.481863
0.481863
0.481864
0.481864
0.481866
0.481867
0.481869
0.481871
0.481871
0.481874
0.481875
0.481875
0.481877
0.481878
0.481878
0.481878
0.481881
0.481882
0.481887
0.481889
0.481892
0.481899
0.481901
0.481903
0.481907
0.481907
0.481908
0.481909
0.481911
0.481916
0.481916
0.481919
0.481922
0.481923
0.481923
0.481924
0.481924
0.48193
0.481932
0.481932
0.481932
0.481934
0.481937
0.481937
0.48194
0.481945
0.481948
0.481948
0.481949
0.48195
0.481952
0.481952
0.481953
0.481954
0.48196
0.48196
0.481963
0.481964
0.481966
0.48197
0.481971
0.481971
0.481972
0.481973
0.481976
0.481977
0.481977
0.481978
0.481979
0.48198
0.481981
0.481984
0.481988
0.48199
0.481991
0.481993
0.481994
0.481996
0.481997
0.481998
0.481999
0.482
0.482002
0.482005
0.482006
0.482007
0.482008
0.48201
0.482013
0.482016
0.482017
0.482019
0.482021
0.482031
0.482032
0.482032
0.482033
0.482037
0.48204
0.482046
0.482051
0.482051
0.482052
0.482061
0.482061
0.482064
0.482064
0.482068
0.482072
0.482072
0.482076
0.482079
0.48208
0.48208
0.482081
0.482085
0.482088
0.48209
0.482091
0.482099
0.482104
0.482104
0.482107
0.482107
0.482109
0.48211
0.482112
0.482115
0.482117
0.482118
0.482122
0.482127
0.482129
0.482131
0.482133
0.482138
0.482141
0.482145
0.482146
0.482146
0.482148
0.482148
0.48215
0.482156
0.482157
0.48216
0.48216
0.482161
0.482161
0.482165
0.482171
0.482175
0.482176
0.482179
0.48218
0.482181
0.482194
0.482196
0.482199
0.482208
0.482215
0.482218
0.482219
0.48222
0.482221
0.482228
0.482228
0.482231
0.482233
0.482241
0.482242
0.482243
0.482247
0.482247
0.482268
0.482269
0.482284
0.482291
0.482292
0.482296
0.4823
0.482302
0.482311
0.482316
0.482318
0.482321
0.482322
0.482329
0.482332
0.482335
0.482337
0.482342
0.482347
0.482351
0.482352
0.482365
0.482369
0.48237
0.48237
0.482372
0.482374
0.482374
0.48238
0.482381
0.482389
0.48239
0.482391
0.482394
0.482395
0.482405
0.482411
0.482415
0.482428
0.482434
0.482435
0.482436
0.482459
0.482466
0.482472
0.482473
0.482477
0.482484
0.482489
0.482492
0.482508
0.482551
0.482576
0.482577
0.482592
0.482594
0.482596
0.482597
0.482609
0.482638
0.482643
0.482659
0.482671
0.482676
0.482687
0.482691
0.482692
0.482694
0.482702
0.482725
0.483016
0.4549
0.454988
0.455007
0.455043
0.455056
0.455063
0.45509
0.455101
0.455115
0.45512
0.455123
0.45515
0.455161
0.455162
0.455168
0.45518
0.455185
0.455201
0.455203
0.455204
0.45521
0.455225
0.455234
0.455237
0.455238
0.455241
0.455255
0.455257
0.45526
0.455284
0.455288
0.455292
0.455305
0.455313
0.455318
0.455339
0.455346
0.455349
0.455355
0.455359
0.455362
0.455364
0.455365
0.455367
0.455368
0.455372
0.455376
0.455377
0.45538
0.455393
0.455395
0.455399
0.455399
0.455405
0.455407
0.455407
0.455408
0.455412
0.455414
0.455416
0.455421
0.455422
0.455425
0.455427
0.455427
0.455436
0.455436
0.455437
0.45544
0.455441
0.455441
0.455444
0.455445
0.455451
0.455451
0.455452
0.455453
0.455454
0.455455
0.455457
0.455457
0.455458
0.455459
0.455459
0.45546
0.455462
0.455463
0.455463
0.455464
0.455467
0.455467
0.455469
0.45547
0.455471
0.455473
0.455476
0.455479
0.455481
0.455483
0.455484
0.455489
0.45549
0.455491
0.455491
0.455491
0.455492
0.455492
0.455493
0.455494
0.455504
0.455504
0.455505
0.455506
0.455509
0.455509
0.45551
0.455513
0.455514
0.455516
0.455517
0.455517
0.455518
0.455521
0.455522
0.455524
0.455529
0.455531
0.455532
0.455532
0.455532
0.455535
0.455536
0.455538
0.455539
0.455543
0.455549
0.455553
0.455554
0.455554
0.455555
0.455555
0.455555
0.455557
0.455557
0.455564
0.455566
0.455566
0.455567
0.455572
0.455572
0.455572
0.455574
0.455576
0.455576
0.455579
0.455579
0.455581
0.455582
0.455582
0.455582
0.455582
0.455583
0.455584
0.455586
0.455588
0.455589
0.455592
0.455596
0.455601
0.455602
0.455602
0.455603
0.455603
0.455608
0.455608
0.455612
0.455614
0.455616
0.455617
0.455617
0.455618
0.45562
0.455621
0.455623
0.455624
0.455626
0.455626
0.455627
0.45563
0.455633
0.455633
0.455639
0.45564
0.455646
0.455646
0.455648
0.455649
0.455651
0.455651
0.455652
0.455652
0.455653
0.455653
0.455654
0.455654
0.455656
0.455657
0.455657
0.455658
0.455658
0.455659
0.455659
0.455659
0.455661
0.455661
0.455662
0.455663
0.455665
0.455665
0.455667
0.455668
0.455669
0.45567
0.455672
0.455673
0.455673
0.455676
0.455676
0.455679
0.455681
0.455682
0.455683
0.455684
0.455686
0.455686
0.455688
0.455689
0.455691
0.455692
0.455693
0.455693
0.455694
0.455694
0.455697
0.455697
0.455697
0.4557
0.455701
0.455702
0.455702
0.455705
0.455705
0.455705
0.455707
0.455707
0.455709
0.45571
0.455711
0.455713
0.455715
0.455717
0.455718
0.455718
0.455723
0.455724
0.455724
0.455724
0.455724
0.455724
0.455726
0.455729
0.455731
0.455735
0.455736
0.455739
0.455741
0.455743
0.455748
0.455749
0.455749
0.455749
0.45575
0.455751
0.455752
0.455754
0.455754
0.455754
0.455754
0.455755
0.455757
0.455759
0.45576
0.45576
0.455761
0.455766
0.455766
0.455767
0.455767
0.455768
0.455769
0.455779
0.45578
0.455783
0.455784
0.455785
0.455792
0.455795
0.4558
0.455808
0.45581
0.455811
0.455812
0.455812
0.455816
0.455817
0.455817
0.45582
0.45582
0.45583
0.455848
0.455851
0.455857
0.455862
0.455864
0.45587
0.455878
0.45589
0.479065
0.479067
0.47907
0.47907
0.47907
0.479073
0.479074
0.479074
0.479075
0.479075
0.479075
0.479075
0.479076
0.479076
0.479077
0.479077
0.479078
0.479078
0.479078
0.479078
0.479078
0.479079
0.479079
0.479079
0.47908
0.479081
0.479081
0.479081
0.479081
0.479082
0.479082
0.479082
0.479082
0.479082
0.479082
0.479082
0.479082
0.479083
0.479083
0.479083
0.479084
0.479084
0.479084
0.479084
0.479084
0.479084
0.479085
0.479085
0.479085
0.479085
0.479085
0.479085
0.479085
0.479085
0.479086
0.479086
0.479086
0.479086
0.479086
0.479086
0.479087
0.479087
0.479087
0.479087
0.479087
0.479087
0.479087
0.479087
0.479087
0.479087
0.479088
0.479088
0.479088
0.479088
0.479088
0.479088
0.479088
0.479089
0.479089
0.479089
0.479089
0.479089
0.479089
0.479089
0.479089
0.479089
0.47909
0.47909
0.47909
0.47909
0.47909
0.47909
0.47909
0.47909
0.47909
0.47909
0.479091
0.479091
0.479091
0.479091
0.479091
0.479091
0.479091
0.479091
0.479091
0.479092
0.479092
0.479092
0.479092
0.479093
0.479093
0.479093
0.479093
0.479093
0.479094
0.479094
0.479094
0.479094
0.479094
0.479094
0.479095
0.479095
0.479095
0.479095
0.479095
0.479095
0.479095
0.479095
0.479095
0.479095
0.479096
0.479096
0.479096
0.479096
0.479097
0.479097
0.479097
0.479097
0.479097
0.479097
0.479097
0.479097
0.479097
0.479097
0.479097
0.479098
0.479098
0.479098
0.479098
0.479098
0.479098
0.479099
0.479099
0.479099
0.4791
0.4791
0.4791
0.4791
0.4791
0.479101
0.479101
0.479101
0.479102
0.479102
0.479102
0.479102
0.479102
0.479102
0.479102
0.479102
0.479102
0.479102
0.479102
0.479102
0.479102
0.479103
0.479103
0.479103
0.479103
0.479103
0.479103
0.479104
0.479104
0.479104
0.479105
0.479105
0.479105
0.479105
0.479105
0.479105
0.479106
0.479106
0.479106
0.479106
0.479106
0.479107
0.479107
0.479108
0.479108
0.479108
0.479108
0.479108
0.479108
0.479108
0.479108
0.479108
0.479109
0.479109
0.479109
0.479109
0.479109
0.479109
0.479109
0.479109
0.479109
0.479109
0.47911
0.47911
0.47911
0.47911
0.479111
0.479111
0.479111
0.479112
0.479112
0.479112
0.479112
0.479112
0.479112
0.479113
0.479113
0.479113
0.479113
0.479113
0.479114
0.479114
0.479114
0.479114
0.479114
0.479115
0.479115
0.479115
0.479115
0.479115
0.479115
0.479115
0.479116
0.479116
0.479116
0.479116
0.479116
0.479117
0.479117
0.479117
0.479117
0.479117
0.479117
0.479117
0.479117
0.479118
0.479118
0.479118
0.479118
0.479118
0.479118
0.479119
0.479119
0.479119
0.479119
0.479119
0.479119
0.479119
0.479119
0.47912
0.47912
0.47912
0.47912
0.47912
0.479121
0.479121
0.479121
0.479121
0.479122
0.479122
0.479122
0.479122
0.479123
0.479123
0.479123
0.479123
0.479124
0.479124
0.479125
0.479126
0.479126
0.479127
0.479127
0.479127
0.479129
0.479129
0.479129
0.479129
0.479129
0.479129
0.47913
0.47913
0.47913
0.47913
0.479131
0.479133
0.479135
0.479135
0.479137
0.479139
0.479139
0.479139
0.47914
0.47914
0.479141
0.479141
0.479142
0.479142
0.479142
0.479143
0.479145
0.479145
0.479146
0.47915
0.479151
0.479151
0.479152
0.479152
0.479155
0.479155
0.479161
0.479169
0.479169
0.47917
0.479173
0.479173
0.47918
0.481532
0.481562
0.481576
0.481584
0.481596
0.481611
0.481616
0.481616
0.481622
0.481626
0.481628
0.481629
0.481629
0.481637
0.48164
0.481642
0.481645
0.481649
0.48165
0.481656
0.481657
0.481663
0.481668
0.481669
0.481673
0.481691
0.481695
0.481698
0.481703
0.481704
0.481713
0.481715
0.481717
0.48172
0.481722
0.481728
0.481728
0.481729
0.481735
0.481736
0.481739
0.481739
0.481743
0.481753
0.481755
0.481756
0.481757
0.481759
0.481761
0.481765
0.481771
0.481773
0.481774
0.481775
0.481776
0.481776
0.481777
0.481781
0.481784
0.481784
0.481785
0.481786
0.481792
0.481799
0.481803
0.481803
0.481805
0.481807
0.481808
0.481808
0.481814
0.481816
0.481817
0.481818
0.481819
0.481821
0.481822
0.481822
0.481828
0.481832
0.481832
0.481835
0.481836
0.481838
0.481838
0.481839
0.481842
0.481842
0.481842
0.481843
0.481843
0.481845
0.481846
0.481848
0.48185
0.48185
0.481854
0.481855
0.481855
0.481856
0.481857
0.481857
0.481857
0.48186
0.481861
0.481867
0.481868
0.481872
0.481878
0.48188
0.481882
0.481886
0.481886
0.481887
0.481889
0.48189
0.481895
0.481896
0.481899
0.481901
0.481902
0.481902
0.481903
0.481903
0.481909
0.481911
0.481912
0.481912
0.481913
0.481916
0.481916
0.481919
0.481924
0.481927
0.481927
0.481928
0.481929
0.481931
0.481931
0.481932
0.481933
0.481939
0.48194
0.481942
0.481943
0.481946
0.481949
0.48195
0.481951
0.481951
0.481952
0.481955
0.481956
0.481956
0.481958
0.481958
0.481959
0.481961
0.481963
0.481967
0.481969
0.481971
0.481973
0.481974
0.481976
0.481976
0.481977
0.481978
0.481979
0.481981
0.481985
0.481985
0.481986
0.481987
0.481989
0.481992
0.481995
0.481997
0.481998
0.482
0.48201
0.482011
0.482012
0.482012
0.482016
0.482019
0.482025
0.48203
0.48203
0.482031
0.48204
0.48204
0.482043
0.482044
0.482047
0.482051
0.482051
0.482055
0.482058
0.482059
0.482059
0.482061
0.482065
0.482067
0.48207
0.482071
0.482078
0.482083
0.482083
0.482086
0.482086
0.482088
0.482089
0.482091
0.482094
0.482097
0.482097
0.482101
0.482106
0.482108
0.48211
0.482112
0.482117
0.48212
0.482125
0.482125
0.482126
0.482128
0.482128
0.482129
0.482136
0.482136
0.482139
0.482139
0.48214
0.48214
0.482145
0.48215
0.482154
0.482155
0.482158
0.48216
0.48216
0.482173
0.482175
0.482178
0.482187
0.482194
0.482197
0.482198
0.482199
0.4822
0.482207
0.482207
0.48221
0.482213
0.482221
0.482221
0.482223
0.482226
0.482226
0.482247
0.482248
0.482263
0.48227
0.482271
0.482275
0.482279
0.482281
0.48229
0.482295
0.482297
0.4823
0.482301
0.482308
0.482311
0.482314
0.482316
0.482322
0.482326
0.48233
0.482331
0.482344
0.482348
0.482349
0.48235
0.482351
0.482353
0.482354
0.48236
0.48236
0.482369
0.482369
0.482371
0.482374
0.482375
0.482384
0.482391
0.482394
0.482407
0.482414
0.482414
0.482415
0.482439
0.482446
0.482452
0.482453
0.482456
0.482463
0.482468
0.482472
0.482487
0.482531
0.482556
0.482557
0.482571
0.482574
0.482575
0.482576
0.482588
0.482617
0.482622
0.482638
0.48265
0.482656
0.482666
0.482671
0.482672
0.482674
0.482681
0.482704
0.482996
0.454937
0.455025
0.455044
0.45508
0.455093
0.455101
0.455128
0.455138
0.455152
0.455157
0.45516
0.455187
0.455199
0.455199
0.455206
0.455218
0.455222
0.455238
0.45524
0.455242
0.455247
0.455263
0.455271
0.455275
0.455275
0.455279
0.455293
0.455294
0.455297
0.455322
0.455326
0.455329
0.455342
0.455351
0.455355
0.455377
0.455383
0.455387
0.455393
0.455396
0.4554
0.455402
0.455403
0.455405
0.455406
0.455409
0.455414
0.455415
0.455418
0.455431
0.455433
0.455437
0.455437
0.455442
0.455444
0.455444
0.455445
0.455449
0.455452
0.455454
0.455459
0.45546
0.455463
0.455465
0.455465
0.455473
0.455474
0.455475
0.455477
0.455478
0.455479
0.455482
0.455483
0.455489
0.455489
0.455489
0.455491
0.455492
0.455493
0.455495
0.455495
0.455496
0.455496
0.455497
0.455498
0.4555
0.4555
0.455501
0.455502
0.455504
0.455505
0.455507
0.455508
0.455508
0.455511
0.455514
0.455516
0.455519
0.455521
0.455522
0.455526
0.455528
0.455529
0.455529
0.455529
0.455529
0.45553
0.455531
0.455531
0.455542
0.455542
0.455542
0.455544
0.455547
0.455547
0.455548
0.45555
0.455552
0.455554
0.455555
0.455555
0.455556
0.455559
0.45556
0.455562
0.455567
0.455569
0.45557
0.45557
0.45557
0.455573
0.455574
0.455576
0.455576
0.455581
0.455587
0.455591
0.455591
0.455592
0.455593
0.455593
0.455593
0.455595
0.455595
0.455602
0.455604
0.455604
0.455605
0.45561
0.45561
0.45561
0.455612
0.455614
0.455614
0.455617
0.455617
0.455619
0.455619
0.45562
0.45562
0.45562
0.455621
0.455622
0.455624
0.455626
0.455627
0.45563
0.455634
0.455639
0.455639
0.455641
0.455641
0.455641
0.455646
0.455646
0.45565
0.455652
0.455654
0.455655
0.455655
0.455656
0.455658
0.455659
0.455661
0.455662
0.455664
0.455664
0.455665
0.455668
0.45567
0.455671
0.455677
0.455678
0.455684
0.455684
0.455687
0.455687
0.455689
0.455689
0.45569
0.45569
0.455691
0.455691
0.455692
0.455692
0.455694
0.455695
0.455695
0.455696
0.455696
0.455697
0.455697
0.455697
0.455699
0.455699
0.4557
0.455701
0.455703
0.455703
0.455706
0.455706
0.455707
0.455708
0.455711
0.455711
0.455711
0.455714
0.455714
0.455717
0.455719
0.455721
0.455721
0.455722
0.455724
0.455724
0.455726
0.455727
0.455729
0.45573
0.455731
0.455731
0.455732
0.455732
0.455735
0.455735
0.455735
0.455738
0.455739
0.45574
0.455741
0.455743
0.455743
0.455743
0.455745
0.455745
0.455747
0.455748
0.45575
0.455751
0.455753
0.455755
0.455756
0.455756
0.455761
0.455762
0.455762
0.455762
0.455762
0.455763
0.455764
0.455767
0.455769
0.455773
0.455774
0.455777
0.455779
0.455781
0.455786
0.455787
0.455787
0.455787
0.455788
0.455789
0.45579
0.455792
0.455792
0.455792
0.455793
0.455793
0.455796
0.455797
0.455798
0.455799
0.455799
0.455804
0.455804
0.455805
0.455806
0.455806
0.455807
0.455817
0.455818
0.455821
0.455822
0.455823
0.455831
0.455834
0.455838
0.455846
0.455848
0.455849
0.45585
0.455851
0.455854
0.455855
0.455856
0.455858
0.455858
0.455868
0.455886
0.455889
0.455895
0.455901
0.455902
0.455908
0.455917
0.455928
0.479038
0.479041
0.479043
0.479043
0.479043
0.479046
0.479047
0.479047
0.479048
0.479048
0.479048
0.479048
0.479049
0.47905
0.47905
0.479051
0.479051
0.479051
0.479051
0.479051
0.479052
0.479052
0.479053
0.479053
0.479054
0.479054
0.479055
0.479055
0.479055
0.479055
0.479055
0.479055
0.479055
0.479055
0.479055
0.479055
0.479056
0.479056
0.479056
0.479057
0.479057
0.479057
0.479057
0.479057
0.479057
0.479058
0.479058
0.479058
0.479058
0.479058
0.479058
0.479058
0.479058
0.479059
0.479059
0.479059
0.479059
0.479059
0.479059
0.47906
0.47906
0.47906
0.47906
0.47906
0.47906
0.47906
0.47906
0.47906
0.47906
0.47906
0.479061
0.479061
0.479061
0.479061
0.479061
0.479061
0.479061
0.479062
0.479062
0.479062
0.479062
0.479062
0.479062
0.479062
0.479063
0.479063
0.479063
0.479063
0.479063
0.479063
0.479063
0.479063
0.479063
0.479063
0.479064
0.479064
0.479064
0.479064
0.479064
0.479064
0.479064
0.479064
0.479065
0.479065
0.479065
0.479065
0.479065
0.479065
0.479066
0.479066
0.479066
0.479066
0.479066
0.479066
0.479067
0.479067
0.479067
0.479067
0.479067
0.479067
0.479068
0.479068
0.479068
0.479068
0.479068
0.479068
0.479068
0.479069
0.479069
0.479069
0.479069
0.479069
0.479069
0.47907
0.47907
0.47907
0.47907
0.47907
0.47907
0.47907
0.47907
0.47907
0.47907
0.479071
0.479071
0.479071
0.479071
0.479071
0.479071
0.479072
0.479072
0.479072
0.479072
0.479072
0.479073
0.479073
0.479073
0.479073
0.479074
0.479074
0.479074
0.479074
0.479075
0.479075
0.479075
0.479075
0.479075
0.479075
0.479075
0.479075
0.479075
0.479075
0.479075
0.479075
0.479075
0.479076
0.479076
0.479076
0.479076
0.479077
0.479077
0.479077
0.479077
0.479077
0.479078
0.479078
0.479078
0.479078
0.479078
0.479079
0.479079
0.479079
0.479079
0.479079
0.479079
0.47908
0.479081
0.479081
0.479081
0.479081
0.479081
0.479081
0.479081
0.479081
0.479082
0.479082
0.479082
0.479082
0.479082
0.479082
0.479082
0.479082
0.479082
0.479082
0.479083
0.479083
0.479083
0.479083
0.479083
0.479083
0.479084
0.479084
0.479085
0.479085
0.479085
0.479085
0.479085
0.479086
0.479086
0.479086
0.479086
0.479086
0.479086
0.479087
0.479087
0.479087
0.479087
0.479088
0.479088
0.479088
0.479088
0.479088
0.479088
0.479088
0.479088
0.479089
0.479089
0.479089
0.479089
0.479089
0.479089
0.47909
0.47909
0.47909
0.47909
0.47909
0.47909
0.479091
0.479091
0.479091
0.479091
0.479091
0.479091
0.479091
0.479092
0.479092
0.479092
0.479092
0.479092
0.479092
0.479092
0.479092
0.479093
0.479093
0.479093
0.479094
0.479094
0.479094
0.479094
0.479094
0.479094
0.479095
0.479095
0.479095
0.479096
0.479096
0.479096
0.479096
0.479096
0.479096
0.479097
0.479097
0.479098
0.479099
0.4791
0.4791
0.4791
0.479101
0.479102
0.479103
0.479103
0.479103
0.479103
0.479103
0.479103
0.479103
0.479104
0.479104
0.479104
0.479106
0.479108
0.479109
0.47911
0.479112
0.479113
0.479113
0.479113
0.479113
0.479114
0.479114
0.479115
0.479116
0.479116
0.479116
0.479118
0.479118
0.479119
0.479124
0.479124
0.479125
0.479125
0.479125
0.479128
0.479128
0.479134
0.479142
0.479143
0.479143
0.479146
0.479147
0.479154
0.481511
0.481541
0.481556
0.481563
0.481575
0.48159
0.481595
0.481596
0.481602
0.481605
0.481607
0.481608
0.481608
0.481616
0.481619
0.481621
0.481624
0.481629
0.481629
0.481635
0.481637
0.481642
0.481647
0.481649
0.481652
0.48167
0.481674
0.481678
0.481683
0.481683
0.481692
0.481694
0.481697
0.481699
0.481701
0.481707
0.481708
0.481708
0.481714
0.481715
0.481718
0.481718
0.481722
0.481732
0.481735
0.481735
0.481737
0.481738
0.48174
0.481744
0.48175
0.481753
0.481753
0.481754
0.481755
0.481755
0.481756
0.48176
0.481763
0.481763
0.481765
0.481766
0.481772
0.481778
0.481782
0.481782
0.481785
0.481786
0.481788
0.481788
0.481793
0.481796
0.481796
0.481797
0.481798
0.4818
0.481801
0.481801
0.481807
0.481811
0.481812
0.481814
0.481815
0.481817
0.481817
0.481819
0.481821
0.481821
0.481822
0.481822
0.481823
0.481824
0.481825
0.481827
0.481829
0.481829
0.481833
0.481834
0.481834
0.481835
0.481836
0.481837
0.481837
0.481839
0.481841
0.481846
0.481847
0.481851
0.481857
0.48186
0.481862
0.481865
0.481865
0.481867
0.481868
0.481869
0.481874
0.481875
0.481878
0.48188
0.481882
0.481882
0.481882
0.481883
0.481888
0.48189
0.481891
0.481891
0.481892
0.481895
0.481895
0.481899
0.481903
0.481906
0.481907
0.481907
0.481908
0.48191
0.481911
0.481911
0.481913
0.481919
0.481919
0.481921
0.481923
0.481925
0.481928
0.48193
0.48193
0.48193
0.481931
0.481934
0.481935
0.481935
0.481937
0.481938
0.481938
0.48194
0.481943
0.481946
0.481948
0.48195
0.481952
0.481953
0.481955
0.481956
0.481957
0.481957
0.481958
0.481961
0.481964
0.481964
0.481965
0.481967
0.481968
0.481971
0.481975
0.481976
0.481977
0.48198
0.481989
0.48199
0.481991
0.481991
0.481996
0.481999
0.482004
0.482009
0.48201
0.48201
0.482019
0.48202
0.482022
0.482023
0.482026
0.48203
0.482031
0.482035
0.482037
0.482038
0.482038
0.48204
0.482044
0.482046
0.482049
0.48205
0.482058
0.482063
0.482063
0.482066
0.482066
0.482067
0.482068
0.482071
0.482073
0.482076
0.482076
0.482081
0.482086
0.482087
0.48209
0.482091
0.482096
0.4821
0.482104
0.482104
0.482105
0.482107
0.482107
0.482109
0.482115
0.482115
0.482119
0.482119
0.48212
0.48212
0.482124
0.482129
0.482133
0.482134
0.482138
0.482139
0.482139
0.482153
0.482154
0.482157
0.482166
0.482173
0.482176
0.482178
0.482178
0.48218
0.482186
0.482187
0.482189
0.482192
0.4822
0.4822
0.482202
0.482205
0.482205
0.482227
0.482227
0.482243
0.48225
0.48225
0.482255
0.482258
0.482261
0.482269
0.482274
0.482276
0.482279
0.48228
0.482287
0.48229
0.482294
0.482295
0.482301
0.482306
0.48231
0.48231
0.482324
0.482328
0.482329
0.482329
0.482331
0.482333
0.482333
0.482339
0.482339
0.482348
0.482348
0.48235
0.482353
0.482354
0.482364
0.48237
0.482374
0.482387
0.482393
0.482393
0.482394
0.482418
0.482425
0.482431
0.482432
0.482436
0.482442
0.482448
0.482451
0.482466
0.48251
0.482535
0.482536
0.482551
0.482553
0.482554
0.482556
0.482568
0.482596
0.482602
0.482617
0.482629
0.482635
0.482645
0.48265
0.482651
0.482653
0.482661
0.482683
0.482975
0.454974
0.455063
0.455081
0.455118
0.45513
0.455138
0.455165
0.455176
0.45519
0.455195
0.455197
0.455225
0.455236
0.455237
0.455243
0.455255
0.45526
0.455275
0.455278
0.455279
0.455285
0.4553
0.455309
0.455312
0.455313
0.455316
0.455331
0.455332
0.455335
0.455359
0.455363
0.455367
0.45538
0.455388
0.455393
0.455414
0.455421
0.455425
0.45543
0.455434
0.455438
0.455439
0.45544
0.455442
0.455443
0.455447
0.455452
0.455453
0.455455
0.455469
0.455471
0.455474
0.455475
0.45548
0.455482
0.455482
0.455483
0.455487
0.455489
0.455491
0.455496
0.455497
0.455501
0.455502
0.455502
0.455511
0.455511
0.455513
0.455515
0.455516
0.455516
0.45552
0.455521
0.455526
0.455527
0.455527
0.455529
0.45553
0.455531
0.455532
0.455532
0.455533
0.455534
0.455534
0.455536
0.455538
0.455538
0.455539
0.45554
0.455542
0.455543
0.455544
0.455545
0.455546
0.455549
0.455552
0.455554
0.455557
0.455559
0.455559
0.455564
0.455566
0.455566
0.455567
0.455567
0.455567
0.455568
0.455569
0.455569
0.455579
0.45558
0.45558
0.455582
0.455585
0.455585
0.455586
0.455588
0.45559
0.455592
0.455593
0.455593
0.455594
0.455596
0.455598
0.4556
0.455605
0.455607
0.455608
0.455608
0.455608
0.455611
0.455612
0.455614
0.455614
0.455619
0.455625
0.455629
0.455629
0.45563
0.45563
0.455631
0.455631
0.455633
0.455633
0.45564
0.455642
0.455642
0.455643
0.455647
0.455648
0.455648
0.45565
0.455652
0.455652
0.455655
0.455655
0.455657
0.455657
0.455658
0.455658
0.455658
0.455659
0.45566
0.455662
0.455664
0.455665
0.455668
0.455672
0.455677
0.455677
0.455678
0.455678
0.455679
0.455684
0.455684
0.455688
0.45569
0.455692
0.455693
0.455693
0.455694
0.455696
0.455697
0.455699
0.4557
0.455702
0.455702
0.455703
0.455706
0.455708
0.455709
0.455715
0.455716
0.455722
0.455722
0.455725
0.455725
0.455727
0.455727
0.455728
0.455728
0.455729
0.455729
0.45573
0.45573
0.455732
0.455733
0.455733
0.455734
0.455734
0.455735
0.455735
0.455735
0.455737
0.455737
0.455738
0.455739
0.455741
0.455741
0.455744
0.455744
0.455745
0.455746
0.455749
0.455749
0.455749
0.455752
0.455752
0.455755
0.455757
0.455759
0.455759
0.45576
0.455762
0.455762
0.455764
0.455765
0.455767
0.455768
0.455769
0.455769
0.45577
0.45577
0.455773
0.455773
0.455773
0.455776
0.455777
0.455778
0.455779
0.455781
0.455781
0.455781
0.455783
0.455783
0.455785
0.455786
0.455788
0.455789
0.455791
0.455793
0.455794
0.455794
0.455799
0.4558
0.4558
0.4558
0.455801
0.455801
0.455803
0.455805
0.455807
0.455811
0.455812
0.455815
0.455817
0.455819
0.455824
0.455825
0.455825
0.455825
0.455826
0.455827
0.455828
0.45583
0.45583
0.45583
0.455831
0.455832
0.455834
0.455835
0.455836
0.455837
0.455837
0.455842
0.455842
0.455843
0.455844
0.455844
0.455845
0.455855
0.455856
0.455859
0.45586
0.455861
0.455869
0.455872
0.455876
0.455885
0.455886
0.455887
0.455888
0.455889
0.455892
0.455893
0.455894
0.455896
0.455897
0.455906
0.455924
0.455927
0.455934
0.455939
0.455941
0.455946
0.455955
0.455967
0.479012
0.479014
0.479016
0.479016
0.479017
0.47902
0.47902
0.479021
0.479021
0.479021
0.479021
0.479022
0.479022
0.479023
0.479023
0.479024
0.479024
0.479024
0.479024
0.479025
0.479025
0.479025
0.479026
0.479026
0.479027
0.479028
0.479028
0.479028
0.479028
0.479028
0.479028
0.479028
0.479028
0.479028
0.479028
0.479029
0.479029
0.479029
0.479029
0.47903
0.47903
0.47903
0.47903
0.47903
0.479031
0.479031
0.479031
0.479031
0.479031
0.479031
0.479032
0.479032
0.479032
0.479032
0.479032
0.479032
0.479032
0.479032
0.479032
0.479033
0.479033
0.479033
0.479033
0.479033
0.479033
0.479034
0.479034
0.479034
0.479034
0.479034
0.479034
0.479034
0.479034
0.479034
0.479035
0.479035
0.479035
0.479035
0.479035
0.479035
0.479036
0.479036
0.479036
0.479036
0.479036
0.479036
0.479036
0.479036
0.479036
0.479036
0.479036
0.479037
0.479037
0.479037
0.479037
0.479037
0.479037
0.479037
0.479037
0.479037
0.479038
0.479038
0.479038
0.479038
0.479038
0.479038
0.479038
0.479039
0.479039
0.479039
0.479039
0.479039
0.479039
0.47904
0.47904
0.47904
0.47904
0.47904
0.479041
0.479041
0.479041
0.479041
0.479041
0.479041
0.479041
0.479042
0.479042
0.479042
0.479042
0.479042
0.479042
0.479042
0.479043
0.479043
0.479043
0.479043
0.479043
0.479043
0.479043
0.479043
0.479044
0.479044
0.479044
0.479044
0.479044
0.479044
0.479044
0.479045
0.479045
0.479045
0.479045
0.479045
0.479045
0.479046
0.479046
0.479046
0.479046
0.479047
0.479047
0.479047
0.479048
0.479048
0.479048
0.479048
0.479048
0.479048
0.479048
0.479048
0.479048
0.479049
0.479049
0.479049
0.479049
0.479049
0.479049
0.479049
0.47905
0.47905
0.47905
0.47905
0.47905
0.479051
0.479051
0.479051
0.479051
0.479052
0.479052
0.479052
0.479052
0.479052
0.479052
0.479052
0.479052
0.479052
0.479053
0.479054
0.479054
0.479054
0.479054
0.479054
0.479054
0.479055
0.479055
0.479055
0.479055
0.479055
0.479055
0.479055
0.479055
0.479055
0.479056
0.479056
0.479056
0.479056
0.479056
0.479056
0.479056
0.479056
0.479056
0.479056
0.479057
0.479058
0.479058
0.479058
0.479058
0.479059
0.479059
0.479059
0.479059
0.479059
0.479059
0.479059
0.479059
0.47906
0.47906
0.47906
0.479061
0.479061
0.479061
0.479061
0.479061
0.479061
0.479062
0.479062
0.479062
0.479062
0.479062
0.479062
0.479063
0.479063
0.479063
0.479063
0.479063
0.479063
0.479063
0.479064
0.479064
0.479064
0.479064
0.479064
0.479065
0.479065
0.479065
0.479065
0.479065
0.479065
0.479065
0.479066
0.479066
0.479066
0.479066
0.479066
0.479066
0.479066
0.479067
0.479067
0.479067
0.479067
0.479067
0.479068
0.479068
0.479068
0.479069
0.479069
0.479069
0.479069
0.479069
0.479069
0.479069
0.47907
0.479071
0.479071
0.479071
0.479073
0.479073
0.479074
0.479074
0.479074
0.479075
0.479076
0.479076
0.479076
0.479076
0.479076
0.479076
0.479077
0.479077
0.479077
0.479077
0.479079
0.479081
0.479082
0.479084
0.479086
0.479086
0.479086
0.479086
0.479087
0.479088
0.479088
0.479089
0.479089
0.479089
0.47909
0.479092
0.479092
0.479093
0.479097
0.479098
0.479098
0.479099
0.479099
0.479101
0.479102
0.479108
0.479116
0.479116
0.479117
0.47912
0.47912
0.479128
0.48149
0.481521
0.481535
0.481543
0.481554
0.481569
0.481575
0.481575
0.481581
0.481584
0.481586
0.481587
0.481588
0.481595
0.481599
0.481601
0.481603
0.481608
0.481608
0.481614
0.481616
0.481621
0.481626
0.481628
0.481631
0.48165
0.481653
0.481657
0.481662
0.481662
0.481672
0.481673
0.481676
0.481679
0.48168
0.481686
0.481687
0.481687
0.481694
0.481694
0.481697
0.481698
0.481702
0.481711
0.481714
0.481715
0.481716
0.481717
0.481719
0.481723
0.48173
0.481732
0.481733
0.481734
0.481734
0.481735
0.481736
0.481739
0.481742
0.481743
0.481744
0.481745
0.481751
0.481758
0.481762
0.481762
0.481764
0.481765
0.481767
0.481767
0.481773
0.481775
0.481776
0.481777
0.481777
0.48178
0.481781
0.481781
0.481786
0.48179
0.481791
0.481793
0.481794
0.481796
0.481796
0.481798
0.4818
0.4818
0.481801
0.481802
0.481802
0.481804
0.481805
0.481806
0.481808
0.481809
0.481812
0.481813
0.481813
0.481814
0.481816
0.481816
0.481816
0.481818
0.48182
0.481825
0.481826
0.48183
0.481837
0.481839
0.481841
0.481844
0.481844
0.481846
0.481847
0.481848
0.481854
0.481854
0.481857
0.481859
0.481861
0.481861
0.481862
0.481862
0.481868
0.48187
0.48187
0.48187
0.481872
0.481875
0.481875
0.481878
0.481882
0.481886
0.481886
0.481887
0.481888
0.481889
0.48189
0.48189
0.481892
0.481898
0.481898
0.4819
0.481902
0.481904
0.481908
0.481909
0.481909
0.481909
0.48191
0.481913
0.481914
0.481915
0.481916
0.481917
0.481918
0.481919
0.481922
0.481925
0.481928
0.481929
0.481931
0.481932
0.481934
0.481935
0.481936
0.481937
0.481937
0.48194
0.481943
0.481944
0.481945
0.481946
0.481948
0.481951
0.481954
0.481955
0.481956
0.481959
0.481968
0.48197
0.48197
0.48197
0.481975
0.481978
0.481984
0.481988
0.481989
0.48199
0.481999
0.481999
0.482002
0.482002
0.482006
0.48201
0.48201
0.482014
0.482017
0.482017
0.482018
0.482019
0.482023
0.482025
0.482028
0.482029
0.482037
0.482042
0.482042
0.482045
0.482045
0.482047
0.482048
0.48205
0.482053
0.482055
0.482056
0.48206
0.482065
0.482067
0.482069
0.482071
0.482076
0.482079
0.482083
0.482084
0.482084
0.482086
0.482086
0.482088
0.482094
0.482095
0.482098
0.482098
0.482099
0.482099
0.482103
0.482108
0.482113
0.482114
0.482117
0.482118
0.482119
0.482132
0.482134
0.482136
0.482146
0.482153
0.482155
0.482157
0.482158
0.482159
0.482166
0.482166
0.482169
0.482171
0.482179
0.48218
0.482181
0.482185
0.482185
0.482206
0.482207
0.482222
0.482229
0.48223
0.482234
0.482237
0.48224
0.482249
0.482253
0.482256
0.482259
0.48226
0.482267
0.48227
0.482273
0.482275
0.482281
0.482285
0.482289
0.48229
0.482303
0.482307
0.482308
0.482308
0.48231
0.482312
0.482312
0.482318
0.482319
0.482327
0.482328
0.48233
0.482332
0.482334
0.482343
0.482349
0.482353
0.482366
0.482372
0.482373
0.482374
0.482397
0.482404
0.48241
0.482412
0.482415
0.482422
0.482427
0.482431
0.482446
0.482489
0.482515
0.482515
0.48253
0.482532
0.482534
0.482535
0.482547
0.482576
0.482581
0.482597
0.482609
0.482614
0.482625
0.482629
0.482631
0.482633
0.48264
0.482663
0.482955
0.455011
0.4551
0.455118
0.455155
0.455167
0.455175
0.455202
0.455213
0.455227
0.455232
0.455235
0.455262
0.455274
0.455274
0.455281
0.455293
0.455297
0.455313
0.455315
0.455316
0.455322
0.455337
0.455346
0.455349
0.45535
0.455353
0.455368
0.455369
0.455372
0.455397
0.4554
0.455404
0.455417
0.455425
0.45543
0.455452
0.455459
0.455462
0.455468
0.455471
0.455475
0.455477
0.455478
0.45548
0.455481
0.455485
0.455489
0.45549
0.455493
0.455506
0.455508
0.455511
0.455512
0.455518
0.45552
0.45552
0.455521
0.455525
0.455527
0.455529
0.455534
0.455535
0.455538
0.45554
0.45554
0.455549
0.455549
0.45555
0.455553
0.455554
0.455554
0.455557
0.455558
0.455564
0.455564
0.455565
0.455566
0.455568
0.455569
0.45557
0.45557
0.455571
0.455572
0.455572
0.455574
0.455575
0.455576
0.455577
0.455578
0.45558
0.455581
0.455582
0.455583
0.455584
0.455587
0.455589
0.455592
0.455594
0.455596
0.455597
0.455602
0.455603
0.455604
0.455604
0.455605
0.455605
0.455606
0.455607
0.455607
0.455617
0.455617
0.455618
0.45562
0.455622
0.455623
0.455624
0.455626
0.455628
0.455629
0.455631
0.455631
0.455631
0.455634
0.455636
0.455638
0.455643
0.455645
0.455645
0.455645
0.455646
0.455648
0.45565
0.455651
0.455652
0.455657
0.455663
0.455667
0.455667
0.455667
0.455668
0.455669
0.455669
0.455671
0.455671
0.455678
0.45568
0.45568
0.455681
0.455685
0.455685
0.455686
0.455688
0.45569
0.45569
0.455693
0.455693
0.455695
0.455695
0.455696
0.455696
0.455696
0.455696
0.455698
0.4557
0.455702
0.455703
0.455706
0.45571
0.455715
0.455715
0.455716
0.455716
0.455717
0.455721
0.455722
0.455726
0.455728
0.45573
0.455731
0.455731
0.455731
0.455734
0.455735
0.455737
0.455738
0.45574
0.45574
0.455741
0.455744
0.455746
0.455746
0.455752
0.455754
0.45576
0.45576
0.455763
0.455763
0.455765
0.455765
0.455766
0.455766
0.455767
0.455767
0.455768
0.455768
0.45577
0.455771
0.455771
0.455772
0.455772
0.455773
0.455773
0.455773
0.455774
0.455775
0.455776
0.455777
0.455779
0.455779
0.455782
0.455782
0.455783
0.455784
0.455787
0.455787
0.455787
0.45579
0.45579
0.455793
0.455795
0.455797
0.455797
0.455798
0.4558
0.4558
0.455802
0.455803
0.455805
0.455806
0.455807
0.455807
0.455808
0.455808
0.455811
0.455811
0.455811
0.455814
0.455815
0.455816
0.455816
0.455819
0.455819
0.455819
0.455821
0.455821
0.455823
0.455824
0.455826
0.455827
0.455829
0.455831
0.455832
0.455832
0.455837
0.455838
0.455838
0.455838
0.455839
0.455839
0.455841
0.455843
0.455846
0.455849
0.45585
0.455853
0.455855
0.455857
0.455862
0.455863
0.455863
0.455863
0.455864
0.455866
0.455866
0.455868
0.455868
0.455868
0.455869
0.45587
0.455872
0.455873
0.455874
0.455875
0.455875
0.45588
0.455881
0.455881
0.455882
0.455882
0.455883
0.455893
0.455894
0.455897
0.455898
0.455899
0.455907
0.45591
0.455914
0.455923
0.455924
0.455926
0.455926
0.455927
0.455931
0.455932
0.455932
0.455934
0.455935
0.455944
0.455962
0.455965
0.455972
0.455977
0.455979
0.455985
0.455993
0.456005
0.478985
0.478988
0.47899
0.47899
0.47899
0.478993
0.478994
0.478994
0.478994
0.478994
0.478995
0.478995
0.478996
0.478996
0.478997
0.478997
0.478998
0.478998
0.478998
0.478998
0.478998
0.478999
0.478999
0.478999
0.479
0.479001
0.479001
0.479001
0.479001
0.479001
0.479002
0.479002
0.479002
0.479002
0.479002
0.479002
0.479002
0.479002
0.479002
0.479003
0.479003
0.479004
0.479004
0.479004
0.479004
0.479004
0.479004
0.479005
0.479005
0.479005
0.479005
0.479005
0.479005
0.479005
0.479005
0.479006
0.479006
0.479006
0.479006
0.479006
0.479006
0.479006
0.479007
0.479007
0.479007
0.479007
0.479007
0.479007
0.479007
0.479007
0.479007
0.479007
0.479008
0.479008
0.479008
0.479008
0.479008
0.479008
0.479008
0.479009
0.479009
0.479009
0.479009
0.479009
0.479009
0.479009
0.47901
0.47901
0.47901
0.47901
0.47901
0.47901
0.47901
0.47901
0.47901
0.47901
0.479011
0.479011
0.479011
0.479011
0.479011
0.479011
0.479011
0.479011
0.479011
0.479011
0.479012
0.479012
0.479012
0.479012
0.479012
0.479013
0.479013
0.479013
0.479013
0.479014
0.479014
0.479014
0.479014
0.479014
0.479014
0.479015
0.479015
0.479015
0.479015
0.479015
0.479015
0.479015
0.479015
0.479015
0.479016
0.479016
0.479016
0.479016
0.479016
0.479016
0.479016
0.479017
0.479017
0.479017
0.479017
0.479017
0.479017
0.479017
0.479017
0.479018
0.479018
0.479018
0.479018
0.479018
0.479018
0.479019
0.479019
0.479019
0.47902
0.47902
0.47902
0.47902
0.47902
0.479021
0.479021
0.479021
0.479021
0.479021
0.479021
0.479022
0.479022
0.479022
0.479022
0.479022
0.479022
0.479022
0.479022
0.479022
0.479022
0.479023
0.479023
0.479023
0.479023
0.479023
0.479023
0.479024
0.479024
0.479024
0.479024
0.479025
0.479025
0.479025
0.479025
0.479025
0.479025
0.479025
0.479026
0.479026
0.479026
0.479027
0.479027
0.479027
0.479028
0.479028
0.479028
0.479028
0.479028
0.479028
0.479028
0.479028
0.479029
0.479029
0.479029
0.479029
0.479029
0.479029
0.479029
0.479029
0.479029
0.479029
0.47903
0.47903
0.47903
0.47903
0.479031
0.479031
0.479031
0.479032
0.479032
0.479032
0.479032
0.479032
0.479032
0.479033
0.479033
0.479033
0.479033
0.479033
0.479034
0.479034
0.479034
0.479034
0.479034
0.479034
0.479035
0.479035
0.479035
0.479035
0.479035
0.479035
0.479036
0.479036
0.479036
0.479036
0.479036
0.479037
0.479037
0.479037
0.479037
0.479037
0.479037
0.479037
0.479037
0.479037
0.479038
0.479038
0.479038
0.479038
0.479038
0.479038
0.479039
0.479039
0.479039
0.479039
0.479039
0.479039
0.479039
0.47904
0.47904
0.47904
0.47904
0.479041
0.479041
0.479041
0.479041
0.479041
0.479042
0.479042
0.479042
0.479042
0.479043
0.479043
0.479043
0.479043
0.479044
0.479044
0.479045
0.479046
0.479046
0.479047
0.479047
0.479048
0.479049
0.479049
0.479049
0.47905
0.47905
0.47905
0.47905
0.47905
0.47905
0.47905
0.47905
0.479053
0.479055
0.479056
0.479057
0.479059
0.479059
0.47906
0.47906
0.47906
0.479061
0.479061
0.479062
0.479063
0.479063
0.479063
0.479065
0.479065
0.479066
0.479071
0.479071
0.479072
0.479072
0.479072
0.479075
0.479075
0.479081
0.479089
0.47909
0.479091
0.479094
0.479094
0.479101
0.48147
0.4815
0.481514
0.481522
0.481534
0.481548
0.481554
0.481554
0.48156
0.481563
0.481565
0.481566
0.481567
0.481575
0.481578
0.48158
0.481582
0.481587
0.481588
0.481594
0.481595
0.4816
0.481605
0.481607
0.481611
0.481629
0.481633
0.481636
0.481641
0.481641
0.481651
0.481652
0.481655
0.481658
0.48166
0.481666
0.481666
0.481666
0.481673
0.481674
0.481677
0.481677
0.481681
0.481691
0.481693
0.481694
0.481695
0.481697
0.481698
0.481702
0.481709
0.481711
0.481712
0.481713
0.481714
0.481714
0.481715
0.481719
0.481722
0.481722
0.481723
0.481724
0.48173
0.481737
0.481741
0.481741
0.481743
0.481745
0.481746
0.481746
0.481752
0.481754
0.481755
0.481756
0.481757
0.481759
0.48176
0.48176
0.481765
0.48177
0.48177
0.481773
0.481774
0.481775
0.481776
0.481777
0.48178
0.48178
0.48178
0.481781
0.481781
0.481783
0.481784
0.481786
0.481788
0.481788
0.481792
0.481793
0.481793
0.481794
0.481795
0.481795
0.481795
0.481798
0.481799
0.481805
0.481806
0.48181
0.481816
0.481818
0.48182
0.481824
0.481824
0.481825
0.481827
0.481828
0.481833
0.481833
0.481836
0.481839
0.48184
0.48184
0.481841
0.481841
0.481847
0.481849
0.481849
0.48185
0.481851
0.481854
0.481854
0.481857
0.481862
0.481865
0.481865
0.481866
0.481867
0.481869
0.481869
0.48187
0.481871
0.481877
0.481878
0.48188
0.481881
0.481884
0.481887
0.481888
0.481889
0.481889
0.48189
0.481893
0.481894
0.481894
0.481896
0.481896
0.481897
0.481899
0.481901
0.481905
0.481907
0.481909
0.481911
0.481912
0.481914
0.481914
0.481916
0.481916
0.481917
0.481919
0.481922
0.481923
0.481924
0.481925
0.481927
0.48193
0.481934
0.481935
0.481936
0.481938
0.481948
0.481949
0.48195
0.48195
0.481954
0.481957
0.481963
0.481968
0.481968
0.481969
0.481978
0.481978
0.481981
0.481982
0.481985
0.481989
0.481989
0.481993
0.481996
0.481997
0.481997
0.481999
0.482003
0.482005
0.482008
0.482009
0.482017
0.482021
0.482021
0.482024
0.482024
0.482026
0.482027
0.482029
0.482032
0.482035
0.482035
0.48204
0.482044
0.482046
0.482048
0.48205
0.482055
0.482058
0.482063
0.482063
0.482064
0.482066
0.482066
0.482067
0.482074
0.482074
0.482077
0.482077
0.482078
0.482079
0.482083
0.482088
0.482092
0.482093
0.482096
0.482098
0.482098
0.482111
0.482113
0.482116
0.482125
0.482132
0.482135
0.482137
0.482137
0.482138
0.482145
0.482145
0.482148
0.482151
0.482159
0.482159
0.482161
0.482164
0.482164
0.482185
0.482186
0.482202
0.482209
0.482209
0.482213
0.482217
0.48222
0.482228
0.482233
0.482235
0.482238
0.482239
0.482246
0.482249
0.482253
0.482254
0.48226
0.482264
0.482268
0.482269
0.482282
0.482287
0.482287
0.482288
0.48229
0.482291
0.482292
0.482298
0.482298
0.482307
0.482307
0.482309
0.482312
0.482313
0.482322
0.482329
0.482333
0.482346
0.482352
0.482352
0.482353
0.482377
0.482384
0.48239
0.482391
0.482394
0.482401
0.482407
0.48241
0.482425
0.482469
0.482494
0.482495
0.48251
0.482512
0.482513
0.482515
0.482527
0.482555
0.482561
0.482576
0.482588
0.482594
0.482604
0.482609
0.48261
0.482612
0.48262
0.482642
0.482934
0
