0.716281
0.716687
0.716962
0.717171
0.717216
0.717406
0.71745
0.717489
0.7177
0.717739
0.717822
0.717837
0.717943
0.717955
0.718059
0.718172
0.71818
0.718224
0.718292
0.718297
0.718336
0.718377
0.71849
0.7185
0.718562
0.718654
0.718654
0.718664
0.718679
0.718683
0.718702
0.718726
0.718743
0.71875
0.718753
0.71881
0.718833
0.718851
0.718918
0.718926
0.718927
0.71893
0.71897
0.718979
0.71898
0.718994
0.719
0.719002
0.719012
0.719014
0.71903
0.719031
0.719058
0.719075
0.719091
0.719092
0.719104
0.719109
0.719147
0.719152
0.719191
0.719194
0.719227
0.719233
0.719246
0.719252
0.719259
0.719269
0.719295
0.719298
0.719306
0.719315
0.719316
0.71932
0.719332
0.719358
0.719358
0.719364
0.719373
0.719376
0.719377
0.7194
0.719463
0.719466
0.7195
0.719531
0.719557
0.719566
0.719566
0.719569
0.719569
0.719578
0.719595
0.719595
0.719597
0.71961
0.719632
0.719638
0.719642
0.719651
0.719661
0.719663
0.719667
0.719679
0.719686
0.71969
0.719745
0.719746
0.719762
0.719778
0.719778
0.719781
0.719785
0.719787
0.719821
0.719834
0.719845
0.719853
0.719855
0.719868
0.71987
0.719879
0.719885
0.719927
0.719933
0.719946
0.719952
0.71996
0.71997
0.71997
0.719977
0.719988
0.719996
0.720018
0.720049
0.720052
0.720056
0.720084
0.720119
0.72012
0.720125
0.720141
0.720155
0.720159
0.720163
0.720165
0.720208
0.720219
0.720248
0.720269
0.720271
0.720285
0.720303
0.720321
0.720339
0.720346
0.720348
0.720354
0.720356
0.720356
0.720379
0.720394
0.720413
0.720425
0.720436
0.720447
0.72045
0.720461
0.720484
0.720494
0.720495
0.7205
0.720518
0.720531
0.72054
0.720571
0.720576
0.720587
0.720614
0.720641
0.720643
0.720645
0.720662
0.720664
0.720685
0.720704
0.720709
0.720743
0.720743
0.720746
0.720749
0.72075
0.720761
0.720797
0.720799
0.720815
0.720821
0.720829
0.720833
0.720837
0.720872
0.720884
0.720896
0.720901
0.720919
0.720947
0.720959
0.720962
0.720965
0.720967
0.720973
0.720994
0.721013
0.721015
0.721036
0.721061
0.721068
0.72108
0.72109
0.721091
0.721094
0.721119
0.721124
0.721139
0.72115
0.721165
0.721195
0.721201
0.721203
0.721237
0.721244
0.721255
0.721258
0.721288
0.721324
0.721338
0.721373
0.721377
0.721411
0.721441
0.721558
0.721615
0.721656
0.721674
0.721714
0.721739
0.72183
0.721901
0.721928
0.722015
0.7268
0.727093
0.727223
0.727456
0.72795
0.728026
0.728141
0.72822
0.728269
0.728296
0.7283
0.728313
0.728322
0.728342
0.728442
0.72855
0.728551
0.728598
0.728681
0.728735
0.728748
0.728762
0.728845
0.728846
0.728866
0.728896
0.728961
0.729
0.729017
0.729034
0.729064
0.729078
0.729085
0.729086
0.729102
0.729124
0.729126
0.729131
0.729133
0.729137
0.729165
0.729184
0.729187
0.729245
0.729255
0.72927
0.729274
0.72928
0.72928
0.729313
0.729318
0.729343
0.729351
0.729359
0.729367
0.729386
0.729396
0.729415
0.729424
0.729473
0.729473
0.729507
0.729525
0.729532
0.729549
0.729549
0.72956
0.729578
0.729588
0.729604
0.729612
0.729626
0.729658
0.729679
0.729691
0.729703
0.729724
0.729741
0.729752
0.729753
0.729786
0.729818
0.729855
0.729857
0.72987
0.729884
0.729906
0.729916
0.729937
0.729951
0.729955
0.72997
0.729993
0.729996
0.730002
0.730005
0.730008
0.730036
0.730044
0.73005
0.730051
0.730051
0.730078
0.730096
0.730096
0.730111
0.730132
0.730133
0.730141
0.730156
0.730183
0.730185
0.730187
0.730188
0.730189
0.730189
0.730208
0.730213
0.730236
0.730245
0.730254
0.730275
0.730295
0.730301
0.730304
0.730309
0.73031
0.73032
0.730324
0.730335
0.730339
0.730354
0.730365
0.730374
0.730382
0.730388
0.730394
0.730402
0.730407
0.730409
0.730411
0.730413
0.730418
0.730423
0.730451
0.730467
0.730468
0.730471
0.730471
0.730481
0.730487
0.730507
0.730515
0.730516
0.730529
0.730537
0.73054
0.730559
0.730612
0.730615
0.73062
0.730655
0.730657
0.730682
0.730714
0.730721
0.730721
0.73073
0.730738
0.730766
0.730772
0.730772
0.730823
0.730826
0.730848
0.730851
0.730864
0.730869
0.73087
0.730889
0.730894
0.730897
0.730903
0.730906
0.730912
0.730917
0.73093
0.730955
0.730961
0.730961
0.730976
0.730977
0.730978
0.73099
0.731003
0.731023
0.731066
0.731067
0.73107
0.731103
0.731118
0.731125
0.73114
0.731154
0.731172
0.731181
0.731182
0.731182
0.731216
0.731231
0.731246
0.731303
0.731315
0.731324
0.731362
0.731393
0.731401
0.731413
0.73142
0.731448
0.73145
0.731505
0.731506
0.731545
0.731692
0.731994
0.756372
0.756537
0.756675
0.757095
0.757122
0.757271
0.757303
0.757338
0.757351
0.7574
0.757413
0.75747
0.757474
0.757522
0.757543
0.757593
0.757612
0.757633
0.757679
0.75768
0.757692
0.757782
0.757784
0.75781
0.757818
0.757832
0.757844
0.757862
0.757908
0.757914
0.75795
0.757952
0.757992
0.758008
0.758009
0.75802
0.758023
0.758076
0.758092
0.758155
0.758178
0.758208
0.758214
0.758231
0.758243
0.758255
0.758267
0.758282
0.758288
0.758291
0.758326
0.758356
0.758369
0.758372
0.758377
0.75839
0.7584
0.7584
0.758401
0.758424
0.758431
0.758446
0.758449
0.758452
0.758472
0.758487
0.758518
0.758525
0.758527
0.758541
0.758542
0.758572
0.758574
0.758575
0.758576
0.758589
0.758589
0.758605
0.758625
0.758666
0.758667
0.75868
0.75868
0.758695
0.758695
0.758703
0.758709
0.758712
0.758727
0.758753
0.75876
0.758761
0.758767
0.75877
0.758771
0.758786
0.758802
0.758808
0.75882
0.758842
0.758861
0.758861
0.75887
0.758871
0.758872
0.758916
0.758925
0.758926
0.758929
0.758985
0.759013
0.759025
0.759026
0.759026
0.759034
0.75904
0.75904
0.759044
0.759048
0.759049
0.759074
0.759085
0.759093
0.759122
0.759122
0.759124
0.759131
0.759134
0.759138
0.759139
0.759148
0.759162
0.759164
0.759185
0.759186
0.759197
0.75921
0.759212
0.759217
0.759231
0.759231
0.759238
0.759241
0.759258
0.759289
0.759301
0.759306
0.75931
0.759319
0.759328
0.759334
0.759336
0.759356
0.759357
0.759384
0.759387
0.759391
0.759393
0.759399
0.759408
0.759408
0.759415
0.759425
0.759425
0.759429
0.75945
0.759465
0.759466
0.759469
0.759474
0.759489
0.759493
0.7595
0.759504
0.759505
0.759512
0.759516
0.759522
0.759582
0.759584
0.759605
0.759606
0.759611
0.759616
0.759623
0.759625
0.759651
0.759651
0.75966
0.759664
0.759665
0.759665
0.759667
0.759696
0.759718
0.759719
0.759723
0.759725
0.759732
0.759743
0.759749
0.759766
0.759788
0.759791
0.759802
0.759819
0.759823
0.75983
0.759833
0.759843
0.759855
0.759869
0.759885
0.759922
0.759924
0.759932
0.759933
0.759934
0.759949
0.759958
0.759962
0.759963
0.759967
0.760009
0.760011
0.76002
0.76003
0.76005
0.760054
0.760056
0.760085
0.760089
0.760111
0.760113
0.760118
0.760134
0.760152
0.760158
0.760161
0.760185
0.760189
0.760208
0.76022
0.760223
0.76026
0.76027
0.76028
0.760358
0.76039
0.760479
0.760497
0.760551
0.760563
0.762278
0.762817
0.76295
0.76305
0.763093
0.763158
0.7632
0.763325
0.763329
0.763345
0.763374
0.763404
0.76344
0.763475
0.763548
0.76363
0.763719
0.763826
0.763885
0.763889
0.763942
0.764013
0.764033
0.764049
0.76407
0.764071
0.764086
0.764104
0.764129
0.764182
0.764182
0.764235
0.764311
0.764328
0.764347
0.764347
0.764353
0.764354
0.764361
0.764365
0.764368
0.764377
0.764391
0.764413
0.764413
0.764418
0.764426
0.764433
0.764468
0.7645
0.764501
0.764505
0.764518
0.764539
0.764539
0.764583
0.764603
0.764603
0.764606
0.764619
0.76464
0.764643
0.764666
0.764674
0.76468
0.76469
0.764692
0.764699
0.764722
0.76475
0.764751
0.764757
0.76476
0.764785
0.764787
0.764806
0.764815
0.764818
0.76482
0.764829
0.764837
0.764839
0.764843
0.764853
0.764855
0.764858
0.764865
0.764872
0.76493
0.764944
0.764953
0.764975
0.764979
0.764985
0.764993
0.765007
0.765011
0.765015
0.765031
0.76504
0.765046
0.765048
0.765062
0.765068
0.765075
0.76509
0.765092
0.7651
0.765106
0.765121
0.765127
0.765136
0.765153
0.765155
0.765157
0.765161
0.765161
0.765171
0.765174
0.765179
0.765199
0.765216
0.765229
0.765238
0.765239
0.765242
0.765253
0.765261
0.765262
0.765284
0.76529
0.7653
0.765307
0.765308
0.765308
0.765318
0.765322
0.76534
0.765351
0.765363
0.765365
0.765381
0.765383
0.765392
0.7654
0.7654
0.765401
0.765417
0.765421
0.765423
0.765434
0.765446
0.765455
0.765463
0.765483
0.765499
0.765507
0.76554
0.765552
0.765554
0.765569
0.765577
0.76558
0.765583
0.765599
0.765643
0.765648
0.76566
0.765661
0.765668
0.765707
0.765712
0.765734
0.765739
0.765743
0.76575
0.765756
0.765757
0.76576
0.765762
0.765781
0.765786
0.765798
0.765801
0.76582
0.76582
0.765827
0.765847
0.765859
0.765884
0.765885
0.765922
0.765922
0.765926
0.765955
0.765956
0.765957
0.765961
0.765964
0.765975
0.76598
0.765998
0.766003
0.766011
0.766013
0.76602
0.766033
0.766052
0.766062
0.76607
0.766077
0.766089
0.766091
0.766095
0.766099
0.766104
0.766127
0.766136
0.766138
0.766139
0.766152
0.766174
0.766201
0.766204
0.766214
0.766222
0.766222
0.766232
0.766238
0.766249
0.766255
0.76626
0.766266
0.76629
0.766296
0.766323
0.766357
0.766362
0.766376
0.766395
0.766398
0.766415
0.766418
0.76642
0.766431
0.76647
0.76648
0.766508
0.766517
0.766545
0.766547
0.766567
0.766608
0.766622
0.766645
0.766646
0.766654
0.766744
0.766776
0.766793
0.766817
0.766818
0.766822
0.766827
0.766859
0.766948
0.766958
0.767115
0.76714
0.767232
0.767538
0.715951
0.716356
0.716632
0.71684
0.716886
0.717075
0.71712
0.717159
0.71737
0.717408
0.717491
0.717507
0.717612
0.717626
0.717728
0.717842
0.71785
0.717893
0.717962
0.717967
0.718006
0.718047
0.718159
0.71817
0.718231
0.718323
0.718324
0.718333
0.718349
0.718353
0.718372
0.718396
0.718412
0.71842
0.718423
0.718479
0.718503
0.718522
0.718588
0.718596
0.718597
0.7186
0.718639
0.718649
0.71865
0.718663
0.718669
0.718671
0.718682
0.718684
0.718699
0.718701
0.718728
0.718745
0.71876
0.718762
0.718774
0.718779
0.718816
0.718821
0.71886
0.718864
0.718897
0.718903
0.718916
0.718922
0.718929
0.718939
0.718965
0.718968
0.718976
0.718985
0.718986
0.718989
0.719002
0.719027
0.719028
0.719034
0.719042
0.719046
0.719047
0.71907
0.719133
0.719136
0.71917
0.7192
0.719227
0.719236
0.719239
0.719239
0.719248
0.719265
0.719265
0.719266
0.71928
0.719302
0.719308
0.719312
0.719321
0.719332
0.719333
0.719337
0.719349
0.719356
0.71936
0.719415
0.719416
0.719432
0.719448
0.719448
0.719451
0.719455
0.719457
0.719491
0.719504
0.719515
0.719522
0.719524
0.719537
0.71954
0.719548
0.719555
0.719597
0.719603
0.719616
0.719621
0.71963
0.719639
0.71964
0.719646
0.719658
0.719666
0.719689
0.719719
0.719722
0.719726
0.719754
0.719789
0.71979
0.719794
0.719811
0.719825
0.719829
0.719833
0.719835
0.719878
0.719889
0.719918
0.719939
0.71994
0.719954
0.719973
0.719991
0.720009
0.720016
0.720018
0.720023
0.720026
0.720026
0.720049
0.720064
0.720083
0.720095
0.720107
0.720116
0.72012
0.720131
0.720154
0.720163
0.720165
0.72017
0.720188
0.720201
0.72021
0.720241
0.720246
0.720257
0.720284
0.720311
0.720314
0.720315
0.720332
0.720334
0.720355
0.720374
0.720379
0.720414
0.720414
0.720416
0.72042
0.72042
0.72043
0.720467
0.720469
0.720484
0.720491
0.720499
0.720502
0.720508
0.720541
0.720554
0.720565
0.720571
0.720589
0.720617
0.720629
0.720632
0.720635
0.720637
0.720643
0.720664
0.720683
0.720685
0.720706
0.720731
0.720738
0.72075
0.72076
0.720761
0.720764
0.720789
0.720794
0.720809
0.72082
0.720836
0.720865
0.720871
0.720873
0.720907
0.720914
0.720925
0.720928
0.720959
0.720994
0.721008
0.721043
0.721048
0.721082
0.721112
0.721229
0.721285
0.721326
0.721344
0.721384
0.72141
0.721501
0.721571
0.721598
0.721685
0.726508
0.726801
0.726931
0.727163
0.727657
0.727733
0.727848
0.727927
0.727975
0.728003
0.728006
0.728021
0.728029
0.728049
0.728149
0.728257
0.728258
0.728305
0.728388
0.728441
0.728454
0.728468
0.728552
0.728553
0.728573
0.728603
0.728668
0.728707
0.728724
0.728741
0.728771
0.728785
0.728792
0.728792
0.728808
0.72883
0.728833
0.728838
0.72884
0.728844
0.728871
0.728891
0.728893
0.728951
0.728961
0.728976
0.728981
0.728986
0.728987
0.729019
0.729025
0.72905
0.729058
0.729065
0.729073
0.729093
0.729102
0.729121
0.729131
0.72918
0.72918
0.729213
0.729232
0.729238
0.729255
0.729256
0.729266
0.729284
0.729295
0.72931
0.729319
0.729333
0.729364
0.729386
0.729398
0.72941
0.729431
0.729447
0.729448
0.729459
0.72946
0.729493
0.729524
0.729562
0.729564
0.729577
0.72959
0.729612
0.729623
0.729643
0.729657
0.729661
0.729676
0.729701
0.729702
0.729708
0.729711
0.729715
0.729742
0.72975
0.729757
0.729757
0.729758
0.729785
0.729802
0.729803
0.729817
0.729839
0.729839
0.729847
0.729863
0.72989
0.729891
0.729894
0.729894
0.729895
0.729895
0.729914
0.729919
0.729943
0.729951
0.72996
0.729981
0.730001
0.730008
0.73001
0.730016
0.730016
0.730026
0.73003
0.730042
0.730046
0.73006
0.730071
0.73008
0.730089
0.730095
0.730101
0.730109
0.730113
0.730115
0.730117
0.730119
0.730125
0.730129
0.730157
0.730173
0.730174
0.730177
0.730177
0.730188
0.730193
0.730214
0.730222
0.730223
0.730235
0.730244
0.730246
0.730265
0.730319
0.730321
0.730326
0.730361
0.730364
0.730389
0.73042
0.730427
0.730427
0.730437
0.730444
0.730473
0.730478
0.730479
0.73053
0.730532
0.730554
0.730557
0.73057
0.730575
0.730576
0.730595
0.730601
0.730603
0.730609
0.730613
0.730619
0.730624
0.730636
0.730662
0.730667
0.730667
0.730682
0.730684
0.730684
0.730697
0.73071
0.730729
0.730772
0.730774
0.730776
0.73081
0.730824
0.730831
0.730847
0.730861
0.730878
0.730888
0.730888
0.730888
0.730922
0.730937
0.730952
0.731009
0.731021
0.73103
0.731069
0.731099
0.731108
0.73112
0.731126
0.731154
0.731157
0.731212
0.731212
0.731252
0.731398
0.7317
0.756172
0.756338
0.756475
0.756896
0.756922
0.757072
0.757104
0.757139
0.757152
0.7572
0.757213
0.75727
0.757275
0.757322
0.757344
0.757394
0.757413
0.757434
0.75748
0.75748
0.757492
0.757582
0.757585
0.75761
0.757619
0.757632
0.757645
0.757663
0.757708
0.757714
0.757751
0.757752
0.757793
0.757809
0.757809
0.757821
0.757824
0.757877
0.757892
0.757956
0.757979
0.758008
0.758014
0.758031
0.758043
0.758056
0.758067
0.758082
0.758089
0.758092
0.758127
0.758157
0.75817
0.758172
0.758177
0.75819
0.7582
0.758201
0.758201
0.758225
0.758231
0.758247
0.758249
0.758252
0.758272
0.758288
0.758319
0.758326
0.758327
0.758342
0.758343
0.758372
0.758374
0.758375
0.758376
0.758389
0.758389
0.758405
0.758425
0.758467
0.758468
0.75848
0.75848
0.758496
0.758496
0.758503
0.75851
0.758513
0.758528
0.758553
0.758561
0.758561
0.758568
0.75857
0.758572
0.758586
0.758602
0.758609
0.75862
0.758643
0.758661
0.758661
0.75867
0.758671
0.758672
0.758717
0.758726
0.758727
0.75873
0.758786
0.758813
0.758825
0.758827
0.758827
0.758835
0.75884
0.75884
0.758845
0.758848
0.758849
0.758874
0.758885
0.758893
0.758922
0.758922
0.758924
0.758931
0.758935
0.758938
0.758939
0.758948
0.758962
0.758964
0.758985
0.758986
0.758997
0.759011
0.759012
0.759017
0.759032
0.759032
0.759039
0.759041
0.759059
0.75909
0.759101
0.759106
0.75911
0.759119
0.759128
0.759134
0.759136
0.759156
0.759157
0.759185
0.759188
0.759191
0.759193
0.759199
0.759208
0.759208
0.759215
0.759225
0.759225
0.759229
0.75925
0.759266
0.759266
0.759269
0.759274
0.759289
0.759294
0.7593
0.759304
0.759306
0.759313
0.759317
0.759322
0.759383
0.759385
0.759405
0.759407
0.759411
0.759416
0.759424
0.759425
0.759451
0.759452
0.75946
0.759464
0.759465
0.759466
0.759467
0.759496
0.759518
0.759519
0.759523
0.759525
0.759533
0.759543
0.759549
0.759567
0.759589
0.759592
0.759602
0.759619
0.759624
0.75963
0.759634
0.759643
0.759656
0.75967
0.759686
0.759722
0.759725
0.759732
0.759733
0.759735
0.759749
0.759758
0.759763
0.759764
0.759767
0.75981
0.759811
0.75982
0.75983
0.759851
0.759854
0.759857
0.759885
0.75989
0.759912
0.759913
0.759918
0.759935
0.759952
0.759958
0.759961
0.759986
0.759989
0.760008
0.76002
0.760024
0.760061
0.76007
0.76008
0.760158
0.760191
0.760279
0.760297
0.760352
0.760363
0.762088
0.762627
0.76276
0.76286
0.762903
0.762968
0.76301
0.763135
0.763139
0.763156
0.763184
0.763214
0.76325
0.763285
0.763358
0.76344
0.763529
0.763637
0.763695
0.7637
0.763752
0.763823
0.763844
0.763859
0.76388
0.763881
0.763896
0.763915
0.76394
0.763992
0.763993
0.764046
0.764121
0.764139
0.764157
0.764158
0.764163
0.764165
0.764172
0.764176
0.764179
0.764188
0.764201
0.764223
0.764223
0.764228
0.764236
0.764244
0.764279
0.764311
0.764312
0.764315
0.764329
0.764349
0.76435
0.764394
0.764413
0.764414
0.764417
0.764429
0.764451
0.764454
0.764477
0.764484
0.764491
0.7645
0.764503
0.76451
0.764532
0.76456
0.764562
0.764567
0.764571
0.764596
0.764598
0.764616
0.764625
0.764629
0.764631
0.76464
0.764648
0.76465
0.764654
0.764663
0.764666
0.764668
0.764675
0.764683
0.764741
0.764754
0.764763
0.764786
0.76479
0.764796
0.764804
0.764818
0.764822
0.764826
0.764842
0.764851
0.764857
0.764859
0.764873
0.764879
0.764886
0.764901
0.764903
0.764911
0.764916
0.764932
0.764938
0.764946
0.764964
0.764966
0.764968
0.764972
0.764972
0.764982
0.764985
0.76499
0.76501
0.765027
0.765039
0.765049
0.76505
0.765053
0.765064
0.765072
0.765072
0.765095
0.765101
0.765111
0.765118
0.765119
0.765119
0.765129
0.765133
0.765151
0.765162
0.765174
0.765176
0.765192
0.765194
0.765203
0.765211
0.765211
0.765212
0.765228
0.765232
0.765234
0.765245
0.765257
0.765266
0.765275
0.765294
0.76531
0.765318
0.765352
0.765363
0.765365
0.765381
0.765388
0.765391
0.765395
0.76541
0.765454
0.765459
0.765471
0.765473
0.76548
0.765518
0.765523
0.765545
0.765551
0.765554
0.765561
0.765568
0.765568
0.765571
0.765573
0.765592
0.765597
0.76561
0.765612
0.765631
0.765631
0.765639
0.765659
0.76567
0.765695
0.765697
0.765733
0.765734
0.765737
0.765766
0.765767
0.765768
0.765773
0.765775
0.765786
0.765791
0.765809
0.765814
0.765823
0.765824
0.765831
0.765845
0.765863
0.765874
0.765881
0.765888
0.765901
0.765902
0.765907
0.765911
0.765916
0.765939
0.765948
0.765949
0.76595
0.765964
0.765986
0.766013
0.766015
0.766025
0.766034
0.766034
0.766044
0.76605
0.766061
0.766066
0.766072
0.766078
0.766102
0.766108
0.766135
0.766168
0.766173
0.766187
0.766206
0.766209
0.766227
0.76623
0.766232
0.766243
0.766282
0.766292
0.766319
0.766329
0.766356
0.766359
0.766379
0.76642
0.766434
0.766456
0.766458
0.766466
0.766556
0.766588
0.766605
0.766629
0.76663
0.766634
0.766639
0.766671
0.76676
0.76677
0.766927
0.766952
0.767044
0.767351
0.715621
0.716025
0.716301
0.716509
0.716555
0.716744
0.716788
0.716828
0.717038
0.717077
0.71716
0.717176
0.717281
0.717295
0.717397
0.717512
0.717519
0.717562
0.717632
0.717636
0.717675
0.717715
0.717828
0.717839
0.7179
0.717992
0.717992
0.718002
0.718018
0.718022
0.718041
0.718064
0.718081
0.718089
0.718092
0.718148
0.718172
0.718191
0.718257
0.718266
0.718266
0.718268
0.718308
0.718318
0.718319
0.718332
0.718338
0.71834
0.718351
0.718353
0.718368
0.71837
0.718397
0.718414
0.718429
0.71843
0.718443
0.718447
0.718485
0.71849
0.718529
0.718533
0.718565
0.718571
0.718584
0.718591
0.718598
0.718609
0.718634
0.718636
0.718645
0.718654
0.718655
0.718658
0.718671
0.718696
0.718698
0.718702
0.718711
0.718715
0.718717
0.718739
0.718802
0.718806
0.718838
0.718869
0.718895
0.718905
0.718908
0.718908
0.718917
0.718934
0.718934
0.718935
0.718949
0.718971
0.718976
0.71898
0.71899
0.719001
0.719002
0.719006
0.719018
0.719025
0.719028
0.719084
0.719085
0.719101
0.719117
0.719117
0.71912
0.719124
0.719126
0.71916
0.719172
0.719185
0.719191
0.719193
0.719206
0.719208
0.719217
0.719224
0.719265
0.719272
0.719285
0.71929
0.719299
0.719308
0.719308
0.719315
0.719327
0.719335
0.719358
0.719389
0.719391
0.719395
0.719423
0.719457
0.719459
0.719463
0.71948
0.719494
0.719497
0.719502
0.719504
0.719547
0.719557
0.719588
0.719607
0.719609
0.719623
0.719642
0.71966
0.719678
0.719685
0.719687
0.719692
0.719695
0.719695
0.719719
0.719733
0.719753
0.719764
0.719776
0.719785
0.719789
0.7198
0.719823
0.719832
0.719834
0.719839
0.719858
0.71987
0.719879
0.71991
0.719915
0.719926
0.719952
0.719981
0.719983
0.719985
0.720001
0.720003
0.720024
0.720043
0.720048
0.720083
0.720083
0.720085
0.720089
0.720089
0.720099
0.720136
0.720138
0.720154
0.72016
0.720168
0.720171
0.720177
0.72021
0.720223
0.720234
0.72024
0.720258
0.720286
0.720298
0.720302
0.720304
0.720306
0.720313
0.720333
0.720352
0.720355
0.720375
0.7204
0.720408
0.720419
0.72043
0.72043
0.720433
0.720458
0.720464
0.720478
0.720489
0.720505
0.720534
0.72054
0.720541
0.720576
0.720583
0.720594
0.720597
0.720628
0.720663
0.720677
0.720712
0.720717
0.720751
0.720781
0.720898
0.720954
0.720995
0.721014
0.721053
0.721079
0.72117
0.721241
0.721268
0.721355
0.726214
0.726507
0.726638
0.72687
0.727363
0.727439
0.727555
0.727633
0.727681
0.727709
0.727713
0.727728
0.727735
0.727755
0.727856
0.727963
0.727964
0.728012
0.728094
0.728148
0.72816
0.728174
0.728257
0.728259
0.728279
0.728309
0.728375
0.728414
0.728429
0.728447
0.728477
0.728491
0.728498
0.728498
0.728514
0.728537
0.72854
0.728544
0.728546
0.72855
0.728577
0.728597
0.728599
0.728657
0.728667
0.728682
0.728688
0.728693
0.728693
0.728725
0.728731
0.728756
0.728764
0.728771
0.72878
0.728799
0.728808
0.728827
0.728838
0.728886
0.728886
0.728919
0.728937
0.728944
0.728961
0.728962
0.728972
0.72899
0.729
0.729016
0.729024
0.729039
0.72907
0.729092
0.729104
0.729115
0.729137
0.729152
0.729155
0.729165
0.729166
0.729199
0.72923
0.729268
0.72927
0.729283
0.729295
0.729318
0.72933
0.729349
0.729362
0.729367
0.729382
0.729407
0.729408
0.729414
0.729416
0.729421
0.729448
0.729456
0.729462
0.729463
0.729464
0.729491
0.729508
0.729509
0.729523
0.729545
0.729545
0.729553
0.729569
0.729596
0.729597
0.729599
0.7296
0.729601
0.729601
0.72962
0.729625
0.729649
0.729657
0.729666
0.729686
0.729707
0.729713
0.729715
0.729722
0.729722
0.729732
0.729736
0.729748
0.729752
0.729766
0.729776
0.729786
0.729794
0.729801
0.729807
0.729814
0.729819
0.729821
0.729824
0.729824
0.72983
0.729834
0.729863
0.729879
0.72988
0.729883
0.729883
0.729894
0.729898
0.72992
0.729927
0.729928
0.729941
0.72995
0.729952
0.72997
0.730024
0.730027
0.730031
0.730067
0.730069
0.730094
0.730126
0.730132
0.730132
0.730143
0.730151
0.730179
0.730184
0.730184
0.730235
0.730238
0.730259
0.730263
0.730276
0.730281
0.730282
0.7303
0.730307
0.730309
0.730314
0.730318
0.730324
0.730329
0.730341
0.730367
0.730372
0.730373
0.730387
0.73039
0.73039
0.730403
0.730416
0.730434
0.730478
0.730479
0.730481
0.730515
0.73053
0.730537
0.730553
0.730566
0.730583
0.730593
0.730594
0.730594
0.730627
0.730642
0.730658
0.730715
0.730726
0.730736
0.730775
0.730804
0.730813
0.730825
0.730832
0.730859
0.730863
0.730917
0.730918
0.730957
0.731104
0.731406
0.755973
0.756139
0.756276
0.756696
0.756722
0.756872
0.756904
0.756939
0.756952
0.757
0.757013
0.75707
0.757075
0.757123
0.757144
0.757194
0.757213
0.757233
0.75728
0.757281
0.757292
0.757383
0.757385
0.75741
0.757419
0.757432
0.757445
0.757463
0.757508
0.757514
0.757551
0.757552
0.757593
0.757609
0.757609
0.757621
0.757624
0.757676
0.757692
0.757756
0.757779
0.757808
0.757814
0.757831
0.757843
0.757856
0.757867
0.757883
0.757889
0.757892
0.757927
0.757957
0.75797
0.757973
0.757977
0.75799
0.758
0.758001
0.758001
0.758025
0.758031
0.758047
0.758049
0.758052
0.758072
0.758088
0.758119
0.758126
0.758127
0.758142
0.758143
0.758172
0.758174
0.758175
0.758176
0.75819
0.75819
0.758206
0.758225
0.758267
0.758268
0.75828
0.758281
0.758296
0.758296
0.758304
0.75831
0.758312
0.758328
0.758353
0.75836
0.758361
0.758368
0.75837
0.758372
0.758387
0.758403
0.758409
0.75842
0.758443
0.758461
0.758461
0.75847
0.758471
0.758472
0.758517
0.758526
0.758527
0.75853
0.758586
0.758613
0.758626
0.758627
0.758627
0.758635
0.75864
0.758641
0.758645
0.758648
0.758649
0.758674
0.758685
0.758694
0.758722
0.758723
0.758724
0.758731
0.758735
0.758738
0.758739
0.758748
0.758762
0.758764
0.758785
0.758786
0.758797
0.758811
0.758812
0.758817
0.758831
0.758832
0.758839
0.758841
0.758859
0.75889
0.758901
0.758906
0.75891
0.758919
0.758928
0.758934
0.758936
0.758956
0.758957
0.758985
0.758988
0.758991
0.758993
0.758999
0.759008
0.759008
0.759015
0.759025
0.759025
0.759029
0.75905
0.759066
0.759066
0.75907
0.759074
0.759089
0.759094
0.7591
0.759104
0.759106
0.759112
0.759117
0.759122
0.759183
0.759184
0.759205
0.759207
0.759212
0.759216
0.759224
0.759225
0.759251
0.759252
0.75926
0.759264
0.759265
0.759266
0.759267
0.759296
0.759318
0.759319
0.759323
0.759326
0.759333
0.759343
0.759349
0.759367
0.759389
0.759392
0.759402
0.759419
0.759424
0.759431
0.759434
0.759443
0.759456
0.75947
0.759486
0.759522
0.759525
0.759532
0.759533
0.759535
0.759549
0.759558
0.759563
0.759564
0.759568
0.75961
0.759611
0.75962
0.75963
0.759651
0.759654
0.759657
0.759685
0.75969
0.759712
0.759713
0.759719
0.759735
0.759752
0.759758
0.759761
0.759786
0.759789
0.759809
0.75982
0.759824
0.759861
0.75987
0.75988
0.759958
0.759991
0.760079
0.760098
0.760152
0.760163
0.761897
0.762436
0.762569
0.762669
0.762713
0.762778
0.762819
0.762945
0.762949
0.762965
0.762994
0.763024
0.76306
0.763095
0.763168
0.763249
0.763339
0.763446
0.763505
0.76351
0.763562
0.763633
0.763654
0.763669
0.76369
0.763691
0.763706
0.763724
0.76375
0.763802
0.763803
0.763856
0.763931
0.763949
0.763967
0.763968
0.763973
0.763975
0.763982
0.763986
0.763989
0.763998
0.764011
0.764033
0.764033
0.764039
0.764046
0.764054
0.764089
0.764121
0.764122
0.764126
0.764139
0.764159
0.76416
0.764204
0.764224
0.764224
0.764227
0.764239
0.764261
0.764265
0.764287
0.764295
0.764301
0.764311
0.764313
0.76432
0.764343
0.76437
0.764372
0.764378
0.764381
0.764406
0.764408
0.764427
0.764436
0.764439
0.764441
0.76445
0.764459
0.76446
0.764464
0.764474
0.764476
0.764478
0.764486
0.764493
0.764552
0.764565
0.764574
0.764596
0.764601
0.764606
0.764614
0.764629
0.764632
0.764636
0.764652
0.764661
0.764667
0.764669
0.764683
0.76469
0.764697
0.764711
0.764714
0.764721
0.764727
0.764742
0.764748
0.764757
0.764775
0.764776
0.764779
0.764782
0.764783
0.764792
0.764795
0.764801
0.764821
0.764838
0.76485
0.76486
0.76486
0.764864
0.764875
0.764882
0.764883
0.764906
0.764911
0.764921
0.764929
0.764929
0.76493
0.76494
0.764944
0.764962
0.764973
0.764984
0.764986
0.765002
0.765004
0.765013
0.765021
0.765021
0.765022
0.765039
0.765043
0.765045
0.765056
0.765068
0.765077
0.765085
0.765105
0.76512
0.765129
0.765162
0.765173
0.765175
0.765191
0.765199
0.765202
0.765205
0.765221
0.765265
0.76527
0.765282
0.765284
0.765291
0.765329
0.765334
0.765356
0.765362
0.765365
0.765372
0.765379
0.765379
0.765382
0.765384
0.765403
0.765408
0.765421
0.765422
0.765442
0.765442
0.76545
0.76547
0.765481
0.765506
0.765507
0.765544
0.765545
0.765548
0.765577
0.765578
0.765579
0.765584
0.765586
0.765597
0.765602
0.765621
0.765625
0.765634
0.765635
0.765642
0.765656
0.765674
0.765685
0.765692
0.765699
0.765712
0.765714
0.765717
0.765722
0.765727
0.76575
0.765759
0.765761
0.765761
0.765775
0.765797
0.765824
0.765826
0.765837
0.765845
0.765845
0.765855
0.765861
0.765872
0.765877
0.765883
0.765889
0.765913
0.765919
0.765946
0.76598
0.765985
0.765999
0.766018
0.76602
0.766038
0.766041
0.766044
0.766054
0.766093
0.766103
0.766131
0.76614
0.766168
0.766171
0.76619
0.766231
0.766245
0.766268
0.766269
0.766277
0.766368
0.766399
0.766416
0.766441
0.766442
0.766445
0.76645
0.766483
0.766572
0.766582
0.766738
0.766764
0.766856
0.767163
0.715289
0.715693
0.715969
0.716176
0.716223
0.716411
0.716456
0.716497
0.716707
0.716745
0.716828
0.716844
0.716949
0.716963
0.717064
0.71718
0.717187
0.71723
0.7173
0.717303
0.717343
0.717383
0.717496
0.717507
0.717568
0.717659
0.71766
0.71767
0.717686
0.71769
0.717709
0.717732
0.717749
0.717756
0.71776
0.717816
0.71784
0.717859
0.717926
0.717934
0.717934
0.717936
0.717976
0.717986
0.717987
0.718
0.718006
0.718008
0.718019
0.718021
0.718037
0.718039
0.718065
0.718082
0.718097
0.718098
0.718111
0.718115
0.718154
0.718158
0.718197
0.718201
0.718233
0.718239
0.718252
0.718259
0.718267
0.718277
0.718302
0.718304
0.718313
0.718323
0.718323
0.718326
0.718339
0.718364
0.718366
0.71837
0.718379
0.718383
0.718385
0.718408
0.71847
0.718474
0.718506
0.718538
0.718563
0.718574
0.718576
0.718576
0.718586
0.718602
0.718602
0.718602
0.718618
0.718639
0.718644
0.718648
0.718659
0.718669
0.718671
0.718674
0.718687
0.718693
0.718696
0.718753
0.718754
0.718769
0.718785
0.718786
0.718788
0.718792
0.718794
0.718829
0.71884
0.718853
0.718859
0.718861
0.718874
0.718876
0.718885
0.718892
0.718933
0.718941
0.718953
0.718958
0.718967
0.718976
0.718976
0.718983
0.718996
0.719003
0.719026
0.719057
0.719059
0.719063
0.719092
0.719125
0.719127
0.719131
0.719149
0.719163
0.719165
0.71917
0.719172
0.719214
0.719225
0.719256
0.719275
0.719278
0.719292
0.71931
0.719328
0.719347
0.719353
0.719355
0.719361
0.719363
0.719364
0.719387
0.719401
0.719421
0.719432
0.719444
0.719453
0.719457
0.719468
0.719492
0.7195
0.719502
0.719507
0.719526
0.719539
0.719547
0.719579
0.719584
0.719594
0.71962
0.719649
0.719651
0.719653
0.71967
0.719672
0.719692
0.719711
0.719716
0.719751
0.719752
0.719753
0.719758
0.719758
0.719767
0.719805
0.719807
0.719822
0.719828
0.719837
0.719839
0.719846
0.719878
0.719891
0.719903
0.719908
0.719926
0.719954
0.719966
0.719971
0.719972
0.719974
0.719981
0.720001
0.720021
0.720023
0.720044
0.720069
0.720076
0.720087
0.720098
0.720098
0.720102
0.720126
0.720133
0.720146
0.720158
0.720174
0.720202
0.720208
0.720209
0.720244
0.720251
0.720263
0.720266
0.720297
0.720332
0.720346
0.72038
0.720386
0.72042
0.72045
0.720567
0.720623
0.720664
0.720683
0.720721
0.720748
0.720839
0.720909
0.720936
0.721024
0.725921
0.726214
0.726344
0.726576
0.727069
0.727145
0.727261
0.727339
0.727386
0.727414
0.727418
0.727434
0.727441
0.727461
0.727562
0.727669
0.72767
0.727718
0.7278
0.727853
0.727865
0.727879
0.727963
0.727965
0.727984
0.728014
0.728081
0.728119
0.728135
0.728152
0.728183
0.728197
0.728203
0.728204
0.728219
0.728242
0.728245
0.72825
0.728251
0.728256
0.728283
0.728302
0.728304
0.728363
0.728372
0.728387
0.728393
0.728398
0.728399
0.728431
0.728436
0.728462
0.72847
0.728476
0.728485
0.728505
0.728513
0.728532
0.728543
0.728591
0.728592
0.728624
0.728642
0.72865
0.728667
0.728668
0.728678
0.728695
0.728705
0.728721
0.728729
0.728745
0.728775
0.728797
0.72881
0.728821
0.728842
0.728857
0.728861
0.72887
0.728871
0.728905
0.728934
0.728973
0.728975
0.728988
0.729
0.729023
0.729035
0.729054
0.729067
0.729073
0.729087
0.729113
0.729113
0.729119
0.729121
0.729127
0.729152
0.729161
0.729167
0.729168
0.729169
0.729196
0.729213
0.729214
0.729227
0.72925
0.729251
0.729257
0.729274
0.729302
0.729302
0.729304
0.729305
0.729306
0.729306
0.729326
0.729331
0.729354
0.729362
0.729372
0.729391
0.729412
0.729418
0.72942
0.729427
0.729427
0.729436
0.729441
0.729453
0.729457
0.729471
0.729481
0.729491
0.7295
0.729506
0.729512
0.72952
0.729524
0.729527
0.729529
0.729529
0.729536
0.729539
0.729568
0.729583
0.729585
0.729588
0.729589
0.729599
0.729603
0.729625
0.729632
0.729633
0.729646
0.729656
0.729656
0.729675
0.729729
0.729732
0.729736
0.729772
0.729775
0.729799
0.72983
0.729837
0.729837
0.729848
0.729856
0.729884
0.729889
0.729889
0.72994
0.729942
0.729964
0.729968
0.729981
0.729986
0.729987
0.730005
0.730012
0.730013
0.730019
0.730023
0.730029
0.730034
0.730046
0.730072
0.730077
0.730078
0.730092
0.730094
0.730095
0.730108
0.730121
0.730139
0.730183
0.730184
0.730186
0.73022
0.730235
0.730243
0.730258
0.730271
0.730287
0.730298
0.730298
0.730299
0.730332
0.730346
0.730363
0.730419
0.730431
0.730441
0.73048
0.730509
0.730518
0.73053
0.730537
0.730564
0.730568
0.730622
0.730623
0.730662
0.730809
0.731111
0.755773
0.755939
0.756076
0.756495
0.756522
0.756671
0.756704
0.756739
0.756751
0.7568
0.756813
0.75687
0.756874
0.756923
0.756944
0.756994
0.757013
0.757033
0.75708
0.75708
0.757092
0.757182
0.757185
0.75721
0.757219
0.757232
0.757245
0.757263
0.757308
0.757314
0.757351
0.757352
0.757393
0.757408
0.757408
0.757421
0.757423
0.757476
0.757492
0.757555
0.757579
0.757608
0.757614
0.757631
0.757642
0.757655
0.757666
0.757682
0.757689
0.757692
0.757727
0.757757
0.75777
0.757772
0.757777
0.75779
0.757799
0.7578
0.757801
0.757824
0.757831
0.757846
0.757849
0.757852
0.757872
0.757887
0.757919
0.757926
0.757927
0.757941
0.757942
0.757972
0.757973
0.757974
0.757976
0.757989
0.75799
0.758005
0.758025
0.758066
0.758067
0.75808
0.75808
0.758096
0.758096
0.758103
0.75811
0.758112
0.758127
0.758153
0.75816
0.758161
0.758168
0.75817
0.758172
0.758186
0.758202
0.758209
0.758219
0.758242
0.758261
0.758261
0.75827
0.758271
0.758272
0.758317
0.758325
0.758326
0.758329
0.758385
0.758413
0.758425
0.758427
0.758427
0.758435
0.75844
0.75844
0.758444
0.758448
0.758449
0.758474
0.758485
0.758493
0.758522
0.758522
0.758524
0.758531
0.758534
0.758538
0.758538
0.758548
0.758562
0.758563
0.758585
0.758586
0.758597
0.758611
0.758611
0.758617
0.758631
0.758632
0.758639
0.758641
0.758659
0.75869
0.758701
0.758706
0.75871
0.758719
0.758728
0.758734
0.758735
0.758756
0.758756
0.758784
0.758787
0.758791
0.758793
0.758799
0.758807
0.758808
0.758815
0.758825
0.758825
0.758828
0.75885
0.758865
0.758866
0.758869
0.758874
0.758889
0.758894
0.7589
0.758903
0.758905
0.758912
0.758917
0.758922
0.758983
0.758984
0.759005
0.759007
0.759011
0.759016
0.759024
0.759025
0.759051
0.759051
0.75906
0.759064
0.759065
0.759065
0.759067
0.759096
0.759117
0.759119
0.759123
0.759125
0.759133
0.759143
0.759149
0.759166
0.759189
0.759192
0.759202
0.759219
0.759223
0.75923
0.759233
0.759243
0.759255
0.75927
0.759285
0.759322
0.759324
0.759332
0.759333
0.759334
0.759349
0.759358
0.759363
0.759364
0.759367
0.759409
0.759411
0.75942
0.759429
0.75945
0.759454
0.759457
0.759484
0.75949
0.759512
0.759513
0.759518
0.759535
0.759552
0.759558
0.759561
0.759586
0.759588
0.759608
0.75962
0.759623
0.75966
0.75967
0.75968
0.759757
0.75979
0.759879
0.759897
0.759952
0.759963
0.761706
0.762245
0.762378
0.762478
0.762522
0.762587
0.762628
0.762755
0.762758
0.762775
0.762803
0.762833
0.762869
0.762904
0.762977
0.763059
0.763149
0.763256
0.763314
0.763319
0.763372
0.763443
0.763463
0.763478
0.763499
0.763501
0.763516
0.763534
0.763559
0.763612
0.763613
0.763665
0.763741
0.763759
0.763777
0.763777
0.763783
0.763784
0.763792
0.763795
0.763799
0.763807
0.763821
0.763843
0.763843
0.763849
0.763856
0.763864
0.763898
0.76393
0.763932
0.763936
0.763949
0.763969
0.76397
0.764014
0.764033
0.764034
0.764037
0.764049
0.764071
0.764075
0.764097
0.764105
0.764111
0.764121
0.764122
0.76413
0.764153
0.76418
0.764182
0.764188
0.764191
0.764216
0.764218
0.764237
0.764246
0.764249
0.764251
0.76426
0.764269
0.76427
0.764274
0.764283
0.764286
0.764288
0.764295
0.764303
0.764362
0.764375
0.764384
0.764406
0.764411
0.764416
0.764424
0.764439
0.764442
0.764446
0.764463
0.764471
0.764477
0.764479
0.764493
0.7645
0.764507
0.764521
0.764524
0.764531
0.764537
0.764552
0.764559
0.764567
0.764584
0.764586
0.764588
0.764592
0.764593
0.764602
0.764605
0.764611
0.764631
0.764648
0.76466
0.76467
0.764671
0.764674
0.764685
0.764692
0.764693
0.764716
0.764721
0.764731
0.764739
0.764739
0.76474
0.76475
0.764754
0.764772
0.764783
0.764794
0.764797
0.764812
0.764815
0.764823
0.764831
0.764832
0.764832
0.764849
0.764853
0.764855
0.764866
0.764878
0.764887
0.764896
0.764915
0.76493
0.764939
0.764973
0.764983
0.764986
0.765002
0.765009
0.765012
0.765016
0.765032
0.765075
0.765081
0.765092
0.765094
0.765101
0.76514
0.765144
0.765166
0.765172
0.765176
0.765182
0.765189
0.765189
0.765193
0.765195
0.765214
0.765218
0.765231
0.765233
0.765253
0.765253
0.76526
0.76528
0.765292
0.765317
0.765318
0.765355
0.765355
0.765358
0.765387
0.765389
0.765389
0.765394
0.765396
0.765408
0.765413
0.765431
0.765435
0.765444
0.765445
0.765453
0.765466
0.765485
0.765495
0.765503
0.76551
0.765523
0.765524
0.765528
0.765532
0.765537
0.765561
0.765569
0.765571
0.765572
0.765585
0.765607
0.765635
0.765637
0.765647
0.765655
0.765656
0.765666
0.765672
0.765683
0.765688
0.765694
0.765699
0.765723
0.76573
0.765756
0.76579
0.765795
0.765809
0.765829
0.765831
0.765849
0.765852
0.765855
0.765865
0.765904
0.765914
0.765942
0.765951
0.765979
0.765982
0.766001
0.766042
0.766057
0.766079
0.76608
0.766088
0.766179
0.76621
0.766227
0.766252
0.766253
0.766256
0.766262
0.766294
0.766383
0.766393
0.766549
0.766575
0.766668
0.766975
0.714957
0.71536
0.715636
0.715843
0.715891
0.716078
0.716123
0.716164
0.716374
0.716412
0.716495
0.716512
0.716616
0.716631
0.716731
0.716848
0.716854
0.716898
0.716968
0.71697
0.71701
0.71705
0.717163
0.717174
0.717235
0.717326
0.717327
0.717337
0.717354
0.717357
0.717376
0.717399
0.717416
0.717423
0.717428
0.717483
0.717508
0.717527
0.717593
0.717602
0.717602
0.717603
0.717642
0.717654
0.717654
0.717667
0.717673
0.717675
0.717686
0.717688
0.717704
0.717706
0.717733
0.717749
0.717764
0.717765
0.717778
0.717783
0.717821
0.717825
0.717864
0.717868
0.717901
0.717906
0.71792
0.717926
0.717934
0.717945
0.717969
0.717971
0.71798
0.71799
0.71799
0.717993
0.718007
0.718031
0.718033
0.718037
0.718046
0.718051
0.718053
0.718076
0.718137
0.718142
0.718173
0.718205
0.71823
0.718241
0.718243
0.718244
0.718253
0.718269
0.718269
0.71827
0.718285
0.718307
0.718311
0.718315
0.718326
0.718337
0.718338
0.718341
0.718354
0.718361
0.718364
0.718421
0.718421
0.718437
0.718453
0.718453
0.718455
0.71846
0.718462
0.718496
0.718507
0.718521
0.718526
0.718528
0.718541
0.718544
0.718552
0.718559
0.7186
0.718608
0.718621
0.718625
0.718634
0.718643
0.718644
0.71865
0.718664
0.71867
0.718694
0.718725
0.718727
0.71873
0.718759
0.718792
0.718794
0.718798
0.718816
0.71883
0.718833
0.718837
0.718839
0.718882
0.718892
0.718924
0.718943
0.718945
0.718959
0.718977
0.718995
0.719015
0.719021
0.719022
0.719028
0.71903
0.719031
0.719055
0.719068
0.719089
0.7191
0.719112
0.71912
0.719125
0.719135
0.719159
0.719167
0.71917
0.719175
0.719194
0.719207
0.719214
0.719246
0.719251
0.719262
0.719287
0.719317
0.719319
0.719321
0.719338
0.719339
0.71936
0.719378
0.719384
0.719419
0.719419
0.719421
0.719425
0.719426
0.719434
0.719472
0.719474
0.719489
0.719495
0.719504
0.719506
0.719514
0.719546
0.719559
0.71957
0.719575
0.719594
0.719622
0.719633
0.719638
0.71964
0.719642
0.719649
0.719668
0.719688
0.719691
0.719711
0.719737
0.719744
0.719754
0.719765
0.719766
0.719769
0.719793
0.7198
0.719813
0.719825
0.719842
0.719869
0.719876
0.719877
0.719911
0.719918
0.71993
0.719933
0.719964
0.72
0.720014
0.720048
0.720054
0.720088
0.720118
0.720234
0.72029
0.720332
0.720351
0.720388
0.720416
0.720507
0.720577
0.720604
0.720691
0.725626
0.725919
0.72605
0.726282
0.726774
0.72685
0.726966
0.727044
0.727091
0.727118
0.727123
0.727139
0.727146
0.727166
0.727267
0.727373
0.727374
0.727424
0.727505
0.727558
0.72757
0.727584
0.727667
0.72767
0.727689
0.727719
0.727786
0.727824
0.727839
0.727857
0.727888
0.727902
0.727908
0.727908
0.727924
0.727947
0.72795
0.727955
0.727956
0.727961
0.727987
0.728007
0.728008
0.728067
0.728076
0.728092
0.728099
0.728103
0.728104
0.728136
0.728141
0.728167
0.728174
0.72818
0.72819
0.72821
0.728217
0.728237
0.728248
0.728295
0.728296
0.728328
0.728347
0.728354
0.728372
0.728373
0.728382
0.7284
0.72841
0.728425
0.728434
0.72845
0.72848
0.728502
0.728514
0.728525
0.728547
0.728562
0.728566
0.728575
0.728576
0.72861
0.728639
0.728678
0.72868
0.728692
0.728704
0.728728
0.72874
0.728758
0.728771
0.728778
0.728791
0.728817
0.728818
0.728823
0.728825
0.728832
0.728857
0.728865
0.728871
0.728873
0.728873
0.7289
0.728917
0.728919
0.728931
0.728955
0.728956
0.728961
0.728978
0.729007
0.729007
0.729008
0.729009
0.72901
0.72901
0.729031
0.729035
0.729059
0.729066
0.729076
0.729096
0.729116
0.729122
0.729124
0.729131
0.729132
0.729141
0.729145
0.729158
0.729162
0.729176
0.729185
0.729196
0.729204
0.729211
0.729216
0.729224
0.729229
0.729232
0.729233
0.729234
0.72924
0.729243
0.729272
0.729288
0.72929
0.729293
0.729294
0.729304
0.729306
0.72933
0.729337
0.729337
0.72935
0.72936
0.729361
0.72938
0.729433
0.729436
0.72944
0.729477
0.729479
0.729503
0.729534
0.72954
0.729541
0.729552
0.729561
0.729588
0.729593
0.729593
0.729645
0.729646
0.729667
0.729672
0.729685
0.72969
0.729691
0.729709
0.729717
0.729717
0.729723
0.729728
0.729734
0.729739
0.72975
0.729776
0.729781
0.729782
0.729796
0.729799
0.729799
0.729812
0.729825
0.729843
0.729887
0.729888
0.72989
0.729925
0.729939
0.729947
0.729962
0.729976
0.729991
0.730003
0.730003
0.730003
0.730036
0.73005
0.730068
0.730124
0.730135
0.730145
0.730185
0.730213
0.730223
0.730235
0.730241
0.730268
0.730272
0.730326
0.730327
0.730366
0.730513
0.730815
0.755572
0.755738
0.755875
0.756295
0.756321
0.756471
0.756503
0.756538
0.756551
0.756599
0.756613
0.756669
0.756674
0.756722
0.756743
0.756793
0.756812
0.756832
0.75688
0.75688
0.756891
0.756982
0.756984
0.757009
0.757019
0.757032
0.757044
0.757062
0.757108
0.757113
0.75715
0.757151
0.757193
0.757207
0.757208
0.75722
0.757223
0.757275
0.757291
0.757355
0.757378
0.757407
0.757413
0.75743
0.757442
0.757454
0.757466
0.757482
0.757488
0.757492
0.757526
0.757556
0.757569
0.757571
0.757576
0.757589
0.757598
0.757599
0.7576
0.757624
0.75763
0.757645
0.757648
0.757651
0.757671
0.757686
0.757718
0.757725
0.757726
0.757741
0.757741
0.757771
0.757772
0.757774
0.757775
0.757788
0.757789
0.757805
0.757824
0.757866
0.757866
0.757879
0.75788
0.757895
0.757895
0.757903
0.757909
0.757911
0.757926
0.757952
0.757959
0.75796
0.757967
0.757969
0.757971
0.757985
0.758002
0.758009
0.758019
0.758042
0.75806
0.758061
0.758069
0.75807
0.758071
0.758116
0.758124
0.758125
0.758129
0.758184
0.758212
0.758225
0.758226
0.758226
0.758234
0.758239
0.75824
0.758243
0.758247
0.758248
0.758273
0.758284
0.758293
0.758321
0.758322
0.758324
0.75833
0.758333
0.758337
0.758338
0.758347
0.758361
0.758362
0.758384
0.758385
0.758396
0.75841
0.75841
0.758416
0.75843
0.758431
0.758439
0.75844
0.758458
0.758489
0.7585
0.758505
0.758509
0.758518
0.758527
0.758533
0.758534
0.758555
0.758555
0.758583
0.758587
0.75859
0.758592
0.758598
0.758607
0.758607
0.758614
0.758624
0.758624
0.758627
0.758649
0.758665
0.758665
0.758669
0.758673
0.758688
0.758693
0.758699
0.758703
0.758705
0.758711
0.758716
0.758721
0.758782
0.758783
0.758804
0.758806
0.758811
0.758815
0.758823
0.758825
0.75885
0.75885
0.758859
0.758863
0.758865
0.758865
0.758866
0.758896
0.758916
0.758919
0.758922
0.758925
0.758932
0.758942
0.758948
0.758966
0.758988
0.758991
0.759002
0.759018
0.759023
0.75903
0.759033
0.759042
0.759054
0.759069
0.759085
0.759121
0.759123
0.759131
0.759132
0.759133
0.759148
0.759157
0.759162
0.759163
0.759166
0.759208
0.75921
0.759219
0.759229
0.759249
0.759253
0.759256
0.759283
0.759289
0.759311
0.759312
0.759318
0.759334
0.759351
0.759357
0.75936
0.759385
0.759388
0.759408
0.759419
0.759422
0.75946
0.759469
0.759479
0.759557
0.75959
0.759678
0.759697
0.759751
0.759762
0.761514
0.762053
0.762187
0.762287
0.76233
0.762395
0.762436
0.762563
0.762566
0.762583
0.762611
0.762642
0.762678
0.762713
0.762786
0.762867
0.762958
0.763065
0.763123
0.763128
0.763181
0.763252
0.763272
0.763287
0.763308
0.76331
0.763325
0.763343
0.763368
0.763421
0.763422
0.763474
0.76355
0.763568
0.763586
0.763587
0.763592
0.763594
0.763601
0.763605
0.763608
0.763616
0.76363
0.763652
0.763652
0.763658
0.763665
0.763673
0.763708
0.763739
0.763741
0.763745
0.763758
0.763778
0.763779
0.763823
0.763843
0.763843
0.763847
0.763859
0.76388
0.763884
0.763906
0.763914
0.763921
0.76393
0.763932
0.76394
0.763962
0.763989
0.763991
0.763998
0.764001
0.764025
0.764027
0.764046
0.764055
0.764058
0.764061
0.76407
0.764078
0.76408
0.764083
0.764093
0.764095
0.764097
0.764105
0.764113
0.764172
0.764184
0.764194
0.764216
0.764221
0.764226
0.764234
0.764249
0.764252
0.764255
0.764272
0.76428
0.764287
0.764289
0.764303
0.76431
0.764317
0.764331
0.764334
0.764341
0.764346
0.764362
0.764368
0.764377
0.764394
0.764396
0.764398
0.764402
0.764403
0.764412
0.764415
0.764421
0.764441
0.764457
0.764469
0.76448
0.76448
0.764484
0.764494
0.764502
0.764502
0.764526
0.764531
0.764541
0.764549
0.764549
0.764549
0.76456
0.764563
0.764582
0.764593
0.764604
0.764606
0.764622
0.764624
0.764633
0.764641
0.764641
0.764642
0.764659
0.764663
0.764665
0.764676
0.764688
0.764697
0.764705
0.764725
0.76474
0.764749
0.764782
0.764793
0.764796
0.764812
0.764819
0.764822
0.764826
0.764842
0.764885
0.764891
0.764902
0.764904
0.764911
0.76495
0.764954
0.764976
0.764982
0.764985
0.764992
0.764999
0.764999
0.765003
0.765005
0.765024
0.765028
0.765041
0.765043
0.765062
0.765063
0.76507
0.76509
0.765102
0.765127
0.765128
0.765165
0.765165
0.765168
0.765197
0.765199
0.7652
0.765204
0.765206
0.765218
0.765223
0.765241
0.765245
0.765254
0.765255
0.765263
0.765276
0.765295
0.765305
0.765313
0.76532
0.765333
0.765335
0.765338
0.765343
0.765348
0.765371
0.76538
0.765382
0.765382
0.765396
0.765418
0.765445
0.765447
0.765458
0.765465
0.765466
0.765476
0.765482
0.765493
0.765498
0.765504
0.76551
0.765534
0.76554
0.765567
0.765601
0.765606
0.765619
0.765639
0.765641
0.76566
0.765662
0.765665
0.765676
0.765714
0.765725
0.765752
0.765762
0.765789
0.765792
0.765811
0.765853
0.765867
0.765889
0.765891
0.765899
0.765989
0.766021
0.766038
0.766063
0.766064
0.766067
0.766072
0.766104
0.766194
0.766204
0.76636
0.766386
0.766479
0.766786
0.714623
0.715026
0.715303
0.715509
0.715557
0.715744
0.715789
0.715831
0.71604
0.716078
0.716161
0.716178
0.716283
0.716298
0.716397
0.716515
0.716521
0.716564
0.716635
0.716636
0.716677
0.716716
0.716829
0.71684
0.716901
0.716992
0.716993
0.717004
0.71702
0.717024
0.717043
0.717065
0.717082
0.71709
0.717095
0.717149
0.717174
0.717194
0.71726
0.717268
0.717268
0.717269
0.717309
0.71732
0.71732
0.717333
0.71734
0.717341
0.717353
0.717354
0.71737
0.717373
0.717399
0.717415
0.71743
0.717431
0.717444
0.717449
0.717487
0.717491
0.71753
0.717535
0.717567
0.717572
0.717586
0.717592
0.717601
0.717612
0.717636
0.717637
0.717646
0.717656
0.717657
0.717659
0.717673
0.717698
0.7177
0.717703
0.717712
0.717717
0.71772
0.717743
0.717803
0.717808
0.71784
0.717871
0.717897
0.717908
0.717909
0.71791
0.71792
0.717935
0.717936
0.717936
0.717952
0.717973
0.717977
0.717981
0.717993
0.718004
0.718005
0.718007
0.718021
0.718027
0.71803
0.718088
0.718088
0.718103
0.71812
0.71812
0.718122
0.718126
0.718129
0.718163
0.718173
0.718188
0.718192
0.718194
0.718207
0.71821
0.718218
0.718226
0.718267
0.718275
0.718287
0.718291
0.718301
0.71831
0.71831
0.718317
0.718331
0.718337
0.71836
0.718392
0.718393
0.718397
0.718426
0.718459
0.71846
0.718465
0.718483
0.718497
0.718499
0.718504
0.718506
0.718548
0.718558
0.718591
0.718609
0.718611
0.718625
0.718643
0.718661
0.718681
0.718687
0.718689
0.718695
0.718696
0.718698
0.718721
0.718734
0.718756
0.718766
0.718779
0.718787
0.718791
0.718802
0.718826
0.718833
0.718836
0.718841
0.718861
0.718874
0.71888
0.718913
0.718918
0.718928
0.718954
0.718983
0.718986
0.718988
0.719004
0.719006
0.719026
0.719045
0.719051
0.719086
0.719086
0.719087
0.719092
0.719093
0.719101
0.719139
0.719141
0.719156
0.719161
0.719171
0.719173
0.719181
0.719212
0.719225
0.719236
0.719241
0.71926
0.719288
0.7193
0.719305
0.719306
0.719308
0.719316
0.719335
0.719355
0.719358
0.719378
0.719403
0.719411
0.719421
0.719432
0.719433
0.719436
0.71946
0.719467
0.719479
0.719491
0.719509
0.719536
0.719542
0.719543
0.719578
0.719585
0.719597
0.7196
0.719631
0.719667
0.719681
0.719714
0.719721
0.719755
0.719785
0.719901
0.719957
0.719998
0.720018
0.720055
0.720083
0.720174
0.720244
0.720271
0.720358
0.725331
0.725624
0.725755
0.725987
0.726478
0.726554
0.72667
0.726749
0.726794
0.726822
0.726827
0.726844
0.72685
0.72687
0.726972
0.727077
0.727079
0.727128
0.72721
0.727262
0.727273
0.727288
0.727371
0.727374
0.727393
0.727423
0.72749
0.727528
0.727543
0.727561
0.727592
0.727606
0.727612
0.727612
0.727628
0.727651
0.727654
0.727659
0.72766
0.727665
0.727691
0.727711
0.727712
0.727771
0.72778
0.727796
0.727803
0.727808
0.727808
0.72784
0.727845
0.727871
0.727879
0.727884
0.727894
0.727915
0.727921
0.727941
0.727953
0.727999
0.728001
0.728032
0.728051
0.728058
0.728076
0.728077
0.728086
0.728104
0.728114
0.728129
0.728138
0.728154
0.728184
0.728206
0.728218
0.728229
0.728251
0.728265
0.72827
0.728279
0.72828
0.728314
0.728342
0.728382
0.728384
0.728396
0.728408
0.728431
0.728445
0.728462
0.728474
0.728482
0.728495
0.728521
0.728522
0.728527
0.728528
0.728536
0.72856
0.728569
0.728574
0.728577
0.728577
0.728603
0.728621
0.728623
0.728635
0.728659
0.72866
0.728665
0.728682
0.728711
0.728711
0.728712
0.728713
0.728714
0.728714
0.728735
0.728739
0.728763
0.72877
0.72878
0.728799
0.728819
0.728826
0.728827
0.728835
0.728836
0.728844
0.728848
0.728862
0.728866
0.728879
0.728888
0.728899
0.728908
0.728915
0.72892
0.728928
0.728932
0.728936
0.728936
0.728938
0.728944
0.728946
0.728975
0.728991
0.728994
0.728997
0.728998
0.729008
0.729009
0.729034
0.729041
0.729041
0.729053
0.729064
0.729065
0.729083
0.729137
0.72914
0.729143
0.729181
0.729183
0.729207
0.729238
0.729244
0.729245
0.729256
0.729265
0.729292
0.729297
0.729297
0.729349
0.729349
0.729371
0.729376
0.729389
0.729394
0.729394
0.729412
0.729421
0.729421
0.729426
0.729431
0.729438
0.729442
0.729453
0.729479
0.729484
0.729486
0.729499
0.729502
0.729503
0.729516
0.729529
0.729546
0.729591
0.729592
0.729593
0.729628
0.729643
0.729651
0.729666
0.72968
0.729694
0.729706
0.729706
0.729707
0.729739
0.729753
0.729772
0.729827
0.729839
0.729849
0.729888
0.729916
0.729927
0.729938
0.729945
0.729971
0.729976
0.73003
0.730031
0.730069
0.730217
0.730518
0.755372
0.755537
0.755674
0.756094
0.75612
0.756269
0.756302
0.756337
0.756349
0.756398
0.756412
0.756468
0.756473
0.756521
0.756542
0.756592
0.756611
0.756631
0.756679
0.756679
0.75669
0.756781
0.756783
0.756808
0.756818
0.75683
0.756843
0.756861
0.756907
0.756912
0.756949
0.75695
0.756992
0.757006
0.757006
0.757019
0.757022
0.757074
0.75709
0.757154
0.757177
0.757205
0.757212
0.757229
0.75724
0.757253
0.757264
0.757281
0.757287
0.757291
0.757325
0.757355
0.757368
0.75737
0.757375
0.757389
0.757397
0.757398
0.757399
0.757422
0.757429
0.757444
0.757447
0.75745
0.75747
0.757485
0.757517
0.757524
0.757525
0.757539
0.75754
0.75757
0.757571
0.757572
0.757574
0.757587
0.757588
0.757604
0.757623
0.757664
0.757665
0.757678
0.757679
0.757694
0.757695
0.757702
0.757708
0.75771
0.757725
0.757751
0.757758
0.757759
0.757766
0.757768
0.75777
0.757784
0.757801
0.757808
0.757817
0.757841
0.757859
0.75786
0.757868
0.757869
0.75787
0.757915
0.757923
0.757924
0.757927
0.757983
0.75801
0.758024
0.758025
0.758025
0.758033
0.758038
0.758039
0.758042
0.758045
0.758047
0.758072
0.758083
0.758092
0.758119
0.758121
0.758123
0.758129
0.758132
0.758136
0.758137
0.758146
0.75816
0.758161
0.758183
0.758184
0.758195
0.758209
0.758209
0.758215
0.758229
0.75823
0.758238
0.758239
0.758257
0.758288
0.7583
0.758303
0.758308
0.758317
0.758326
0.758332
0.758333
0.758354
0.758354
0.758382
0.758385
0.758389
0.758391
0.758396
0.758405
0.758406
0.758413
0.758423
0.758423
0.758426
0.758447
0.758463
0.758464
0.758468
0.758471
0.758487
0.758492
0.758498
0.758501
0.758503
0.75851
0.758515
0.75852
0.758581
0.758582
0.758603
0.758605
0.75861
0.758613
0.758622
0.758624
0.758648
0.758649
0.758657
0.758662
0.758664
0.758664
0.758665
0.758695
0.758715
0.758718
0.758721
0.758724
0.758731
0.758741
0.758747
0.758764
0.758787
0.75879
0.7588
0.758817
0.758822
0.758829
0.758832
0.758841
0.758853
0.758868
0.758884
0.75892
0.758922
0.75893
0.758931
0.758932
0.758947
0.758956
0.758961
0.758962
0.758965
0.759007
0.759009
0.759018
0.759027
0.759048
0.759052
0.759055
0.759082
0.759088
0.75911
0.759111
0.759117
0.759133
0.75915
0.759156
0.759159
0.759184
0.759186
0.759206
0.759218
0.759221
0.759258
0.759268
0.759277
0.759355
0.759388
0.759477
0.759496
0.75955
0.75956
0.761322
0.761862
0.761995
0.762095
0.762138
0.762204
0.762244
0.762372
0.762375
0.762392
0.76242
0.76245
0.762486
0.762521
0.762594
0.762676
0.762766
0.762873
0.762932
0.762937
0.76299
0.76306
0.763081
0.763096
0.763117
0.763119
0.763134
0.763152
0.763177
0.76323
0.763231
0.763283
0.763358
0.763377
0.763394
0.763396
0.763401
0.763402
0.76341
0.763413
0.763417
0.763425
0.763439
0.76346
0.763461
0.763467
0.763474
0.763482
0.763517
0.763548
0.76355
0.763554
0.763567
0.763587
0.763588
0.763632
0.763652
0.763652
0.763656
0.763668
0.763689
0.763693
0.763716
0.763724
0.76373
0.76374
0.76374
0.763749
0.763771
0.763798
0.7638
0.763807
0.76381
0.763834
0.763836
0.763855
0.763864
0.763867
0.76387
0.763879
0.763887
0.763889
0.763893
0.763902
0.763904
0.763906
0.763914
0.763922
0.763981
0.763993
0.764003
0.764025
0.76403
0.764035
0.764043
0.764058
0.764061
0.764064
0.764082
0.764089
0.764096
0.764098
0.764112
0.764119
0.764126
0.76414
0.764143
0.76415
0.764155
0.764171
0.764177
0.764186
0.764203
0.764205
0.764207
0.764211
0.764212
0.764221
0.764224
0.76423
0.76425
0.764266
0.764278
0.764289
0.76429
0.764293
0.764304
0.764311
0.764312
0.764335
0.76434
0.76435
0.764358
0.764359
0.764359
0.764369
0.764372
0.764392
0.764402
0.764413
0.764416
0.764431
0.764434
0.764442
0.764451
0.764451
0.764452
0.764468
0.764472
0.764474
0.764486
0.764497
0.764506
0.764515
0.764535
0.76455
0.764558
0.764592
0.764602
0.764605
0.764622
0.764629
0.764631
0.764635
0.764651
0.764695
0.7647
0.764712
0.764714
0.764721
0.764759
0.764764
0.764786
0.764792
0.764795
0.764802
0.764809
0.764809
0.764813
0.764814
0.764833
0.764838
0.764851
0.764852
0.764872
0.764873
0.76488
0.7649
0.764912
0.764936
0.764937
0.764974
0.764975
0.764978
0.765007
0.765008
0.765009
0.765014
0.765015
0.765028
0.765032
0.765051
0.765055
0.765064
0.765065
0.765073
0.765086
0.765105
0.765115
0.765123
0.765129
0.765143
0.765144
0.765148
0.765152
0.765157
0.765181
0.76519
0.765192
0.765192
0.765206
0.765227
0.765255
0.765257
0.765268
0.765275
0.765276
0.765286
0.765292
0.765303
0.765308
0.765314
0.765319
0.765343
0.76535
0.765377
0.765411
0.765416
0.765429
0.765449
0.765451
0.76547
0.765472
0.765475
0.765486
0.765524
0.765535
0.765562
0.765572
0.765599
0.765602
0.765621
0.765663
0.765677
0.7657
0.765701
0.765709
0.7658
0.765831
0.765848
0.765873
0.765874
0.765877
0.765883
0.765915
0.766004
0.766014
0.76617
0.766196
0.766289
0.766597
0.714289
0.714691
0.714968
0.715174
0.715223
0.71541
0.715454
0.715497
0.715706
0.715744
0.715827
0.715844
0.715948
0.715964
0.716062
0.716181
0.716187
0.71623
0.716301
0.716302
0.716342
0.716381
0.716494
0.716506
0.716566
0.716657
0.716659
0.716669
0.716686
0.716689
0.716708
0.71673
0.716747
0.716755
0.716761
0.716815
0.71684
0.71686
0.716926
0.716934
0.716934
0.716935
0.716974
0.716986
0.716986
0.716998
0.717005
0.717006
0.717018
0.717019
0.717036
0.717039
0.717065
0.71708
0.717096
0.717096
0.71711
0.717114
0.717153
0.717157
0.717195
0.7172
0.717232
0.717237
0.717251
0.717258
0.717267
0.717278
0.717301
0.717302
0.717312
0.717322
0.717323
0.717325
0.717339
0.717363
0.717366
0.717369
0.717377
0.717383
0.717386
0.717408
0.717469
0.717474
0.717505
0.717537
0.717562
0.717574
0.717575
0.717576
0.717586
0.717601
0.717601
0.717602
0.717618
0.717639
0.717643
0.717647
0.717659
0.71767
0.71767
0.717672
0.717686
0.717693
0.717695
0.717754
0.717754
0.717769
0.717786
0.717786
0.717787
0.717792
0.717795
0.717828
0.717839
0.717854
0.717857
0.717859
0.717873
0.717875
0.717883
0.717892
0.717932
0.717941
0.717953
0.717957
0.717966
0.717975
0.717976
0.717982
0.717997
0.718002
0.718026
0.718058
0.718059
0.718063
0.718092
0.718124
0.718125
0.71813
0.718149
0.718163
0.718165
0.71817
0.718171
0.718213
0.718224
0.718257
0.718274
0.718277
0.718291
0.718309
0.718327
0.718347
0.718353
0.718355
0.71836
0.718361
0.718364
0.718387
0.7184
0.718422
0.718432
0.718445
0.718452
0.718457
0.718468
0.718491
0.718499
0.718502
0.718507
0.718527
0.71854
0.718546
0.718579
0.718584
0.718594
0.718619
0.718649
0.718651
0.718654
0.71867
0.718672
0.718692
0.718711
0.718717
0.718752
0.718752
0.718753
0.718758
0.718759
0.718766
0.718805
0.718806
0.718821
0.718826
0.718837
0.718838
0.718847
0.718878
0.718891
0.718902
0.718907
0.718926
0.718954
0.718965
0.718971
0.718972
0.718974
0.718982
0.719001
0.719021
0.719024
0.719043
0.719069
0.719077
0.719087
0.719098
0.719099
0.719102
0.719125
0.719133
0.719145
0.719157
0.719175
0.719202
0.719208
0.719208
0.719243
0.71925
0.719263
0.719266
0.719297
0.719333
0.719347
0.71938
0.719387
0.719421
0.719451
0.719567
0.719623
0.719664
0.719684
0.719721
0.719749
0.71984
0.71991
0.719937
0.720025
0.725035
0.725328
0.725459
0.725691
0.726182
0.726258
0.726374
0.726453
0.726498
0.726526
0.726531
0.726549
0.726554
0.726574
0.726676
0.726781
0.726782
0.726833
0.726913
0.726965
0.726976
0.726991
0.727074
0.727078
0.727096
0.727127
0.727194
0.727232
0.727246
0.727265
0.727296
0.727309
0.727315
0.727316
0.727331
0.727355
0.727358
0.727363
0.727363
0.727369
0.727394
0.727415
0.727415
0.727475
0.727483
0.727499
0.727507
0.727511
0.727512
0.727543
0.727549
0.727575
0.727582
0.727587
0.727597
0.727619
0.727624
0.727644
0.727657
0.727702
0.727704
0.727735
0.727754
0.727762
0.727779
0.72778
0.72779
0.727807
0.727817
0.727832
0.727841
0.727857
0.727887
0.727909
0.727922
0.727932
0.727955
0.727968
0.727974
0.727983
0.727983
0.728018
0.728045
0.728085
0.728088
0.728099
0.72811
0.728134
0.728148
0.728165
0.728177
0.728185
0.728198
0.728224
0.728226
0.72823
0.728231
0.72824
0.728263
0.728272
0.728277
0.72828
0.72828
0.728306
0.728324
0.728326
0.728337
0.728362
0.728363
0.728367
0.728385
0.728414
0.728415
0.728415
0.728416
0.728417
0.728417
0.728438
0.728443
0.728466
0.728473
0.728484
0.728502
0.728522
0.728528
0.72853
0.728538
0.728539
0.728547
0.728551
0.728566
0.728569
0.728582
0.728591
0.728603
0.728611
0.728618
0.728623
0.728631
0.728636
0.728639
0.728639
0.728641
0.728647
0.728649
0.728678
0.728694
0.728697
0.7287
0.728701
0.728711
0.728712
0.728737
0.728744
0.728744
0.728756
0.728767
0.728768
0.728786
0.72884
0.728843
0.728846
0.728884
0.728886
0.72891
0.72894
0.728946
0.728948
0.728959
0.728968
0.728996
0.728999
0.729
0.729052
0.729052
0.729073
0.729079
0.729092
0.729096
0.729097
0.729114
0.729123
0.729124
0.729128
0.729134
0.729141
0.729145
0.729156
0.729182
0.729187
0.729189
0.729201
0.729205
0.729206
0.729219
0.729232
0.729249
0.729294
0.729294
0.729296
0.729331
0.729346
0.729354
0.72937
0.729383
0.729396
0.729409
0.729409
0.72941
0.729442
0.729455
0.729475
0.72953
0.729541
0.729552
0.729592
0.729618
0.72963
0.729641
0.729648
0.729674
0.729679
0.729733
0.729733
0.729772
0.72992
0.730221
0.75517
0.755336
0.755473
0.755892
0.755918
0.756068
0.756101
0.756135
0.756148
0.756197
0.75621
0.756267
0.756271
0.75632
0.756341
0.756391
0.75641
0.756429
0.756477
0.756478
0.756488
0.75658
0.756582
0.756607
0.756617
0.756629
0.756642
0.75666
0.756706
0.75671
0.756748
0.756749
0.75679
0.756805
0.756805
0.756818
0.75682
0.756872
0.756888
0.756952
0.756976
0.757004
0.75701
0.757027
0.757039
0.757052
0.757063
0.75708
0.757086
0.757089
0.757124
0.757153
0.757166
0.757169
0.757174
0.757187
0.757195
0.757197
0.757198
0.757221
0.757227
0.757243
0.757246
0.757248
0.757268
0.757283
0.757316
0.757323
0.757324
0.757338
0.757338
0.757369
0.757369
0.757371
0.757372
0.757386
0.757387
0.757402
0.757421
0.757463
0.757463
0.757477
0.757477
0.757492
0.757493
0.7575
0.757507
0.757508
0.757523
0.757549
0.757556
0.757558
0.757565
0.757566
0.757569
0.757583
0.757599
0.757606
0.757616
0.757639
0.757657
0.757658
0.757667
0.757667
0.757668
0.757714
0.757722
0.757722
0.757726
0.757781
0.757809
0.757822
0.757823
0.757824
0.757832
0.757836
0.757837
0.75784
0.757844
0.757845
0.75787
0.757881
0.75789
0.757918
0.75792
0.757921
0.757927
0.757931
0.757934
0.757935
0.757945
0.757959
0.757959
0.757981
0.757983
0.757994
0.758007
0.758008
0.758014
0.758027
0.758028
0.758036
0.758038
0.758056
0.758086
0.758098
0.758102
0.758107
0.758115
0.758124
0.75813
0.758131
0.758152
0.758152
0.75818
0.758184
0.758187
0.75819
0.758195
0.758204
0.758204
0.758212
0.758221
0.758222
0.758224
0.758246
0.758262
0.758262
0.758267
0.75827
0.758285
0.75829
0.758296
0.7583
0.758302
0.758308
0.758314
0.758318
0.758379
0.75838
0.758402
0.758404
0.758408
0.758412
0.758421
0.758422
0.758447
0.758447
0.758456
0.758461
0.758462
0.758462
0.758464
0.758493
0.758513
0.758516
0.75852
0.758522
0.75853
0.75854
0.758545
0.758563
0.758586
0.758589
0.758599
0.758615
0.75862
0.758628
0.75863
0.758639
0.758652
0.758667
0.758682
0.758718
0.758721
0.758728
0.758729
0.75873
0.758745
0.758754
0.758759
0.75876
0.758764
0.758806
0.758807
0.758817
0.758826
0.758847
0.75885
0.758854
0.75888
0.758887
0.758909
0.758909
0.758915
0.758931
0.758948
0.758954
0.758958
0.758982
0.758985
0.759005
0.759017
0.759019
0.759057
0.759066
0.759076
0.759154
0.759187
0.759276
0.759295
0.759348
0.759359
0.761129
0.761669
0.761803
0.761903
0.761946
0.762012
0.762052
0.76218
0.762183
0.7622
0.762228
0.762258
0.762294
0.762329
0.762402
0.762484
0.762574
0.762681
0.76274
0.762745
0.762798
0.762869
0.76289
0.762904
0.762925
0.762927
0.762942
0.76296
0.762985
0.763038
0.763039
0.763092
0.763167
0.763185
0.763203
0.763204
0.76321
0.763211
0.763218
0.763222
0.763225
0.763233
0.763247
0.763269
0.763269
0.763276
0.763282
0.763291
0.763325
0.763357
0.763358
0.763363
0.763375
0.763395
0.763396
0.763441
0.76346
0.763461
0.763464
0.763476
0.763498
0.763502
0.763524
0.763532
0.763539
0.763548
0.763549
0.763557
0.76358
0.763607
0.763608
0.763616
0.763619
0.763643
0.763645
0.763664
0.763673
0.763675
0.763678
0.763688
0.763696
0.763698
0.763701
0.76371
0.763713
0.763715
0.763722
0.76373
0.76379
0.763802
0.763812
0.763834
0.763839
0.763844
0.763851
0.763867
0.76387
0.763873
0.76389
0.763898
0.763905
0.763907
0.76392
0.763928
0.763935
0.763949
0.763952
0.763959
0.763964
0.76398
0.763986
0.763995
0.764012
0.764014
0.764016
0.76402
0.764021
0.764029
0.764033
0.764039
0.764059
0.764075
0.764087
0.764098
0.764099
0.764102
0.764112
0.76412
0.76412
0.764144
0.764149
0.764159
0.764167
0.764168
0.764168
0.764178
0.764181
0.7642
0.764211
0.764222
0.764225
0.76424
0.764243
0.764251
0.764259
0.76426
0.76426
0.764277
0.764281
0.764283
0.764295
0.764306
0.764315
0.764324
0.764344
0.764358
0.764368
0.764401
0.764411
0.764414
0.764431
0.764438
0.76444
0.764444
0.764461
0.764504
0.764509
0.764521
0.764523
0.76453
0.764568
0.764573
0.764595
0.764601
0.764604
0.764611
0.764618
0.764618
0.764622
0.764623
0.764643
0.764647
0.76466
0.764661
0.764681
0.764682
0.764689
0.764709
0.764721
0.764746
0.764747
0.764783
0.764784
0.764787
0.764816
0.764817
0.764819
0.764824
0.764825
0.764837
0.764842
0.764861
0.764864
0.764874
0.764874
0.764883
0.764895
0.764914
0.764925
0.764932
0.764939
0.764952
0.764954
0.764957
0.764962
0.764967
0.76499
0.764999
0.765001
0.765001
0.765015
0.765037
0.765064
0.765066
0.765077
0.765084
0.765086
0.765096
0.765102
0.765112
0.765117
0.765123
0.765129
0.765153
0.765159
0.765186
0.76522
0.765226
0.765239
0.765259
0.765261
0.765279
0.765281
0.765285
0.765296
0.765334
0.765345
0.765372
0.765381
0.765409
0.765412
0.765431
0.765472
0.765487
0.765509
0.765511
0.765519
0.76561
0.765641
0.765658
0.765683
0.765684
0.765687
0.765693
0.765724
0.765814
0.765824
0.76598
0.766006
0.766099
0.766407
0.713954
0.714356
0.714633
0.714839
0.714888
0.715074
0.715118
0.715162
0.715371
0.715408
0.715491
0.715509
0.715613
0.715629
0.715727
0.715846
0.715852
0.715894
0.715966
0.715966
0.716007
0.716046
0.716159
0.716171
0.71623
0.716322
0.716323
0.716334
0.716351
0.716354
0.716373
0.716394
0.716411
0.716419
0.716426
0.716479
0.716505
0.716525
0.716591
0.716599
0.716599
0.716599
0.716638
0.716651
0.716651
0.716663
0.71667
0.716671
0.716683
0.716684
0.716701
0.716704
0.71673
0.716745
0.71676
0.716761
0.716775
0.716779
0.716818
0.716821
0.716859
0.716865
0.716897
0.716902
0.716916
0.716922
0.716932
0.716943
0.716966
0.716967
0.716977
0.716986
0.716988
0.716989
0.717004
0.717028
0.717031
0.717033
0.717042
0.717048
0.717051
0.717074
0.717133
0.717139
0.71717
0.717202
0.717227
0.717239
0.717239
0.71724
0.717251
0.717265
0.717266
0.717267
0.717283
0.717304
0.717307
0.717311
0.717324
0.717335
0.717335
0.717337
0.717351
0.717357
0.71736
0.717419
0.717419
0.717434
0.717451
0.717451
0.717452
0.717457
0.71746
0.717493
0.717503
0.717519
0.717522
0.717524
0.717537
0.71754
0.717548
0.717556
0.717597
0.717606
0.717617
0.717622
0.717631
0.71764
0.71764
0.717647
0.717662
0.717667
0.717691
0.717723
0.717724
0.717728
0.717757
0.717789
0.71779
0.717795
0.717814
0.717828
0.717829
0.717834
0.717836
0.717878
0.717888
0.717922
0.717939
0.717942
0.717956
0.717974
0.717991
0.718013
0.718018
0.71802
0.718025
0.718026
0.718029
0.718053
0.718065
0.718087
0.718097
0.71811
0.718117
0.718121
0.718132
0.718156
0.718163
0.718167
0.718172
0.718192
0.718205
0.718211
0.718244
0.718249
0.718259
0.718284
0.718314
0.718316
0.718319
0.718336
0.718337
0.718357
0.718376
0.718382
0.718417
0.718418
0.718418
0.718423
0.718424
0.718431
0.71847
0.718471
0.718486
0.718491
0.718502
0.718503
0.718512
0.718542
0.718556
0.718567
0.718571
0.718591
0.718619
0.71863
0.718637
0.718637
0.718639
0.718647
0.718665
0.718686
0.71869
0.718708
0.718734
0.718742
0.718751
0.718762
0.718764
0.718767
0.71879
0.718799
0.718809
0.718822
0.71884
0.718867
0.718873
0.718873
0.718908
0.718915
0.718928
0.718931
0.718962
0.718998
0.719012
0.719044
0.719053
0.719087
0.719116
0.719233
0.719288
0.71933
0.719349
0.719385
0.719414
0.719505
0.719575
0.719602
0.71969
0.724739
0.725031
0.725163
0.725395
0.725884
0.72596
0.726077
0.726156
0.7262
0.726228
0.726233
0.726252
0.726257
0.726277
0.72638
0.726484
0.726485
0.726536
0.726616
0.726668
0.726679
0.726694
0.726776
0.72678
0.726799
0.726829
0.726897
0.726935
0.726949
0.726967
0.726999
0.727012
0.727018
0.727019
0.727033
0.727057
0.727061
0.727065
0.727066
0.727072
0.727097
0.727117
0.727117
0.727178
0.727185
0.727201
0.72721
0.727214
0.727215
0.727246
0.727252
0.727278
0.727285
0.72729
0.7273
0.727322
0.727327
0.727346
0.72736
0.727405
0.727407
0.727437
0.727456
0.727465
0.727482
0.727483
0.727492
0.72751
0.727519
0.727534
0.727543
0.72756
0.727589
0.727612
0.727624
0.727635
0.727657
0.727671
0.727677
0.727685
0.727685
0.72772
0.727748
0.727788
0.727791
0.727801
0.727812
0.727837
0.727851
0.727867
0.727879
0.727888
0.7279
0.727926
0.727929
0.727933
0.727933
0.727943
0.727965
0.727975
0.727979
0.727982
0.727983
0.728009
0.728026
0.728029
0.728039
0.728064
0.728066
0.728069
0.728088
0.728117
0.728117
0.728118
0.728119
0.728119
0.728119
0.728141
0.728145
0.728169
0.728175
0.728186
0.728204
0.728224
0.728231
0.728232
0.72824
0.728241
0.728249
0.728253
0.728268
0.728272
0.728285
0.728293
0.728305
0.728314
0.72832
0.728326
0.728333
0.728338
0.728341
0.728342
0.728344
0.728349
0.728351
0.72838
0.728396
0.728399
0.728403
0.728404
0.728414
0.728414
0.728439
0.728446
0.728446
0.728458
0.728469
0.728471
0.728489
0.728542
0.728545
0.728548
0.728586
0.728589
0.728612
0.728642
0.728648
0.72865
0.728662
0.728671
0.728698
0.728701
0.728703
0.728754
0.728754
0.728775
0.728781
0.728794
0.728799
0.728799
0.728816
0.728825
0.728826
0.72883
0.728837
0.728843
0.728848
0.728858
0.728884
0.728888
0.728891
0.728903
0.728907
0.728909
0.728921
0.728935
0.728951
0.728996
0.728997
0.728998
0.729034
0.729048
0.729057
0.729072
0.729085
0.729098
0.729111
0.729112
0.729112
0.729143
0.729157
0.729178
0.729232
0.729244
0.729254
0.729294
0.72932
0.729332
0.729343
0.72935
0.729376
0.729381
0.729435
0.729436
0.729474
0.729622
0.729923
0.754969
0.755135
0.755272
0.755691
0.755716
0.755866
0.7559
0.755934
0.755946
0.755995
0.756008
0.756065
0.75607
0.756118
0.756139
0.756189
0.756208
0.756227
0.756276
0.756276
0.756286
0.756378
0.75638
0.756405
0.756415
0.756427
0.75644
0.756458
0.756504
0.756508
0.756546
0.756547
0.756589
0.756603
0.756603
0.756616
0.756618
0.75667
0.756686
0.75675
0.756774
0.756802
0.756808
0.756826
0.756837
0.75685
0.756861
0.756878
0.756884
0.756888
0.756922
0.756952
0.756965
0.756967
0.756972
0.756985
0.756993
0.756995
0.756996
0.757019
0.757026
0.757041
0.757044
0.757046
0.757066
0.757081
0.757114
0.757121
0.757122
0.757136
0.757136
0.757167
0.757167
0.757169
0.75717
0.757184
0.757185
0.7572
0.75722
0.757261
0.757261
0.757275
0.757275
0.75729
0.757291
0.757299
0.757305
0.757306
0.757321
0.757347
0.757354
0.757356
0.757363
0.757365
0.757367
0.757381
0.757398
0.757405
0.757414
0.757437
0.757455
0.757457
0.757465
0.757465
0.757466
0.757512
0.75752
0.75752
0.757524
0.757579
0.757607
0.75762
0.757621
0.757622
0.75763
0.757634
0.757636
0.757638
0.757641
0.757643
0.757668
0.757679
0.757689
0.757715
0.757718
0.75772
0.757725
0.757729
0.757732
0.757733
0.757743
0.757757
0.757757
0.757779
0.757781
0.757792
0.757805
0.757806
0.757812
0.757825
0.757827
0.757834
0.757836
0.757854
0.757885
0.757896
0.7579
0.757905
0.757913
0.757922
0.757928
0.757929
0.75795
0.75795
0.757978
0.757982
0.757985
0.757988
0.757993
0.758002
0.758002
0.75801
0.758019
0.75802
0.758022
0.758044
0.75806
0.75806
0.758065
0.758068
0.758083
0.758088
0.758094
0.758098
0.7581
0.758106
0.758112
0.758116
0.758177
0.758178
0.7582
0.758202
0.758207
0.75821
0.758219
0.75822
0.758245
0.758245
0.758254
0.758259
0.75826
0.75826
0.758262
0.758292
0.758311
0.758315
0.758318
0.758321
0.758328
0.758338
0.758343
0.758361
0.758384
0.758387
0.758397
0.758413
0.758418
0.758426
0.758429
0.758437
0.75845
0.758465
0.75848
0.758516
0.758519
0.758527
0.758527
0.758528
0.758543
0.758552
0.758558
0.758559
0.758562
0.758603
0.758606
0.758615
0.758624
0.758645
0.758648
0.758652
0.758678
0.758685
0.758707
0.758707
0.758714
0.75873
0.758747
0.758752
0.758756
0.758781
0.758783
0.758803
0.758815
0.758817
0.758855
0.758864
0.758874
0.758951
0.758985
0.759074
0.759093
0.759147
0.759157
0.760936
0.761477
0.761611
0.76171
0.761754
0.761819
0.761859
0.761988
0.76199
0.762007
0.762035
0.762065
0.762102
0.762137
0.76221
0.762291
0.762382
0.762489
0.762547
0.762553
0.762606
0.762677
0.762698
0.762712
0.762733
0.762735
0.76275
0.762768
0.762792
0.762846
0.762847
0.762899
0.762975
0.762993
0.763011
0.763012
0.763018
0.763019
0.763026
0.76303
0.763033
0.763041
0.763055
0.763077
0.763077
0.763084
0.76309
0.763099
0.763133
0.763164
0.763166
0.763171
0.763183
0.763203
0.763204
0.763249
0.763269
0.763269
0.763273
0.763284
0.763306
0.763311
0.763332
0.763341
0.763347
0.763357
0.763357
0.763365
0.763388
0.763415
0.763416
0.763424
0.763427
0.763451
0.763453
0.763472
0.763481
0.763484
0.763487
0.763496
0.763504
0.763506
0.76351
0.763519
0.763521
0.763523
0.76353
0.763539
0.763598
0.76361
0.76362
0.763642
0.763647
0.763652
0.763659
0.763675
0.763678
0.763681
0.763699
0.763706
0.763713
0.763715
0.763729
0.763737
0.763743
0.763757
0.76376
0.763767
0.763772
0.763788
0.763795
0.763803
0.76382
0.763823
0.763824
0.763829
0.763829
0.763837
0.763841
0.763847
0.763868
0.763884
0.763896
0.763906
0.763907
0.76391
0.763921
0.763928
0.763929
0.763953
0.763957
0.763968
0.763976
0.763976
0.763976
0.763987
0.763989
0.764009
0.764019
0.76403
0.764033
0.764049
0.764051
0.764059
0.764068
0.764068
0.764069
0.764086
0.76409
0.764092
0.764104
0.764115
0.764123
0.764133
0.764153
0.764167
0.764176
0.764209
0.76422
0.764223
0.76424
0.764247
0.764249
0.764253
0.764269
0.764312
0.764318
0.76433
0.764332
0.764339
0.764377
0.764382
0.764403
0.764409
0.764413
0.764419
0.764427
0.764427
0.764431
0.764432
0.764452
0.764455
0.764469
0.76447
0.76449
0.764491
0.764498
0.764517
0.76453
0.764554
0.764555
0.764592
0.764593
0.764596
0.764625
0.764626
0.764627
0.764633
0.764633
0.764646
0.764651
0.76467
0.764673
0.764682
0.764683
0.764691
0.764704
0.764723
0.764733
0.764741
0.764747
0.764761
0.764763
0.764766
0.764771
0.764776
0.764799
0.764808
0.76481
0.76481
0.764824
0.764846
0.764873
0.764875
0.764886
0.764893
0.764895
0.764905
0.764911
0.764921
0.764926
0.764932
0.764938
0.764962
0.764968
0.764995
0.765029
0.765035
0.765047
0.765068
0.76507
0.765088
0.76509
0.765094
0.765105
0.765143
0.765154
0.765181
0.76519
0.765218
0.765221
0.76524
0.765282
0.765297
0.765319
0.76532
0.765328
0.765419
0.76545
0.765467
0.765493
0.765494
0.765496
0.765502
0.765534
0.765624
0.765634
0.76579
0.765816
0.765909
0.766217
0.713619
0.714019
0.714297
0.714502
0.714552
0.714738
0.714782
0.714826
0.715035
0.715072
0.715155
0.715173
0.715277
0.715293
0.71539
0.71551
0.715516
0.715558
0.71563
0.71563
0.715671
0.715709
0.715822
0.715835
0.715894
0.715985
0.715987
0.715998
0.716015
0.716018
0.716037
0.716058
0.716075
0.716083
0.71609
0.716143
0.716169
0.716189
0.716255
0.716263
0.716263
0.716263
0.716302
0.716314
0.716315
0.716326
0.716333
0.716335
0.716347
0.716348
0.716365
0.716368
0.716394
0.716409
0.716424
0.716424
0.716439
0.716443
0.716482
0.716485
0.716523
0.716529
0.716561
0.716565
0.71658
0.716586
0.716596
0.716607
0.71663
0.71663
0.71664
0.71665
0.716653
0.716653
0.716669
0.716692
0.716695
0.716697
0.716705
0.716712
0.716715
0.716738
0.716797
0.716804
0.716833
0.716866
0.71689
0.716903
0.716904
0.716904
0.716915
0.716929
0.71693
0.716931
0.716947
0.716968
0.716971
0.716975
0.716988
0.716999
0.717
0.717001
0.717016
0.717021
0.717024
0.717083
0.717083
0.717098
0.717115
0.717115
0.717116
0.717121
0.717124
0.717157
0.717167
0.717183
0.717185
0.717187
0.717201
0.717204
0.717212
0.71722
0.71726
0.71727
0.717281
0.717285
0.717295
0.717303
0.717304
0.717311
0.717326
0.717331
0.717356
0.717387
0.717388
0.717392
0.717421
0.717452
0.717453
0.717458
0.717478
0.717492
0.717493
0.717498
0.7175
0.717542
0.717552
0.717586
0.717603
0.717606
0.71762
0.717637
0.717655
0.717677
0.717682
0.717684
0.717689
0.71769
0.717693
0.717717
0.717728
0.717752
0.717761
0.717774
0.71778
0.717785
0.717796
0.71782
0.717827
0.717831
0.717836
0.717856
0.717869
0.717875
0.717909
0.717913
0.717923
0.717947
0.717978
0.717981
0.717983
0.718
0.718001
0.718021
0.71804
0.718046
0.718081
0.718082
0.718082
0.718087
0.718089
0.718095
0.718135
0.718135
0.71815
0.718155
0.718166
0.718167
0.718177
0.718206
0.71822
0.71823
0.718235
0.718255
0.718283
0.718294
0.718301
0.718301
0.718303
0.718312
0.718329
0.71835
0.718354
0.718372
0.718398
0.718406
0.718415
0.718426
0.718429
0.718431
0.718454
0.718463
0.718473
0.718486
0.718504
0.718531
0.718537
0.718537
0.718572
0.718579
0.718593
0.718595
0.718626
0.718663
0.718676
0.718708
0.718717
0.718751
0.718781
0.718897
0.718952
0.718994
0.719014
0.719049
0.719078
0.71917
0.719239
0.719266
0.719354
0.724441
0.724734
0.724866
0.725098
0.725587
0.725663
0.72578
0.725859
0.725902
0.72593
0.725936
0.725955
0.725959
0.725979
0.726083
0.726186
0.726187
0.726239
0.726319
0.72637
0.726381
0.726396
0.726478
0.726483
0.726501
0.726532
0.7266
0.726637
0.726651
0.726669
0.726701
0.726714
0.72672
0.726721
0.726735
0.72676
0.726763
0.726768
0.726768
0.726774
0.726799
0.726819
0.726819
0.72688
0.726887
0.726903
0.726912
0.726916
0.726917
0.726948
0.726954
0.72698
0.726987
0.726991
0.727002
0.727024
0.727028
0.727048
0.727062
0.727106
0.727109
0.727139
0.727158
0.727167
0.727184
0.727185
0.727194
0.727211
0.727221
0.727236
0.727245
0.727263
0.727291
0.727314
0.727326
0.727337
0.727359
0.727372
0.72738
0.727387
0.727387
0.727423
0.727449
0.72749
0.727493
0.727503
0.727514
0.727538
0.727554
0.727569
0.727581
0.72759
0.727602
0.727628
0.727632
0.727634
0.727635
0.727645
0.727666
0.727676
0.72768
0.727684
0.727685
0.72771
0.727728
0.727731
0.727741
0.727766
0.727768
0.727771
0.72779
0.727818
0.727819
0.72782
0.72782
0.727821
0.727821
0.727843
0.727847
0.727871
0.727877
0.727888
0.727906
0.727926
0.727932
0.727933
0.727942
0.727943
0.72795
0.727954
0.727971
0.727974
0.727986
0.727994
0.728007
0.728016
0.728022
0.728028
0.728035
0.72804
0.728042
0.728044
0.728046
0.728051
0.728052
0.728082
0.728097
0.728101
0.728105
0.728106
0.728115
0.728116
0.728141
0.728148
0.728148
0.728159
0.72817
0.728173
0.72819
0.728244
0.728247
0.728249
0.728288
0.728291
0.728314
0.728343
0.728349
0.728351
0.728364
0.728373
0.7284
0.728403
0.728404
0.728455
0.728455
0.728476
0.728483
0.728495
0.7285
0.7285
0.728517
0.728526
0.728528
0.728531
0.728538
0.728545
0.728549
0.728559
0.728586
0.72859
0.728592
0.728604
0.728608
0.72861
0.728623
0.728637
0.728652
0.728698
0.728698
0.728699
0.728735
0.72875
0.728758
0.728774
0.728787
0.728799
0.728812
0.728813
0.728814
0.728845
0.728858
0.728879
0.728933
0.728945
0.728955
0.728996
0.729021
0.729034
0.729045
0.729052
0.729077
0.729083
0.729137
0.729137
0.729176
0.729323
0.729625
0.754767
0.754933
0.75507
0.755488
0.755514
0.755664
0.755698
0.755732
0.755744
0.755793
0.755806
0.755863
0.755867
0.755916
0.755937
0.755987
0.756006
0.756025
0.756073
0.756074
0.756084
0.756176
0.756178
0.756203
0.756213
0.756225
0.756238
0.756256
0.756302
0.756306
0.756344
0.756345
0.756387
0.7564
0.7564
0.756414
0.756416
0.756468
0.756484
0.756548
0.756572
0.7566
0.756606
0.756623
0.756634
0.756647
0.756658
0.756676
0.756682
0.756686
0.75672
0.756749
0.756762
0.756765
0.75677
0.756783
0.756791
0.756793
0.756794
0.756816
0.756823
0.756838
0.756841
0.756844
0.756864
0.756879
0.756912
0.756919
0.75692
0.756934
0.756934
0.756965
0.756965
0.756966
0.756968
0.756982
0.756983
0.756998
0.757017
0.757059
0.757059
0.757073
0.757073
0.757088
0.757089
0.757096
0.757103
0.757104
0.757119
0.757145
0.757151
0.757154
0.757161
0.757162
0.757165
0.757179
0.757196
0.757203
0.757211
0.757235
0.757253
0.757255
0.757263
0.757263
0.757264
0.757309
0.757317
0.757318
0.757322
0.757377
0.757404
0.757418
0.757419
0.75742
0.757428
0.757432
0.757433
0.757436
0.757439
0.757441
0.757465
0.757477
0.757487
0.757513
0.757516
0.757518
0.757523
0.757526
0.75753
0.757531
0.757541
0.757555
0.757555
0.757577
0.757579
0.757589
0.757602
0.757604
0.75761
0.757623
0.757624
0.757632
0.757633
0.757652
0.757682
0.757694
0.757697
0.757702
0.757711
0.75772
0.757726
0.757727
0.757748
0.757748
0.757776
0.75778
0.757783
0.757785
0.75779
0.757799
0.757799
0.757808
0.757816
0.757817
0.75782
0.757841
0.757858
0.757858
0.757863
0.757865
0.757881
0.757886
0.757892
0.757895
0.757898
0.757904
0.757909
0.757914
0.757975
0.757975
0.757997
0.758
0.758005
0.758007
0.758017
0.758018
0.758042
0.758043
0.758051
0.758057
0.758058
0.758058
0.75806
0.758089
0.758109
0.758112
0.758116
0.758119
0.758126
0.758136
0.758141
0.758158
0.758182
0.758185
0.758195
0.758211
0.758216
0.758224
0.758226
0.758235
0.758247
0.758263
0.758278
0.758313
0.758316
0.758324
0.758325
0.758326
0.758341
0.75835
0.758355
0.758356
0.758359
0.758401
0.758403
0.758412
0.758421
0.758442
0.758446
0.758449
0.758476
0.758483
0.758504
0.758505
0.758511
0.758527
0.758544
0.758549
0.758554
0.758578
0.75858
0.758601
0.758613
0.758615
0.758653
0.758662
0.758671
0.758749
0.758782
0.758872
0.758891
0.758944
0.758954
0.760743
0.761283
0.761418
0.761517
0.761561
0.761626
0.761666
0.761795
0.761797
0.761815
0.761842
0.761872
0.761909
0.761944
0.762017
0.762098
0.762189
0.762296
0.762355
0.76236
0.762414
0.762484
0.762505
0.762519
0.76254
0.762542
0.762557
0.762575
0.7626
0.762654
0.762655
0.762707
0.762782
0.762801
0.762818
0.76282
0.762825
0.762826
0.762833
0.762837
0.762841
0.762849
0.762863
0.762884
0.762885
0.762891
0.762897
0.762906
0.762941
0.762972
0.762974
0.762979
0.762991
0.763011
0.763012
0.763057
0.763076
0.763077
0.76308
0.763092
0.763113
0.763118
0.76314
0.763148
0.763155
0.763164
0.763165
0.763173
0.763196
0.763222
0.763224
0.763232
0.763235
0.763259
0.763261
0.76328
0.763289
0.763291
0.763295
0.763304
0.763312
0.763314
0.763317
0.763326
0.763329
0.763331
0.763338
0.763346
0.763406
0.763418
0.763428
0.76345
0.763455
0.76346
0.763467
0.763483
0.763486
0.763489
0.763507
0.763514
0.763521
0.763523
0.763536
0.763545
0.763552
0.763565
0.763569
0.763575
0.76358
0.763596
0.763603
0.763611
0.763628
0.763631
0.763632
0.763636
0.763637
0.763645
0.763649
0.763655
0.763676
0.763692
0.763703
0.763714
0.763716
0.763719
0.763729
0.763736
0.763737
0.763761
0.763765
0.763776
0.763784
0.763784
0.763784
0.763795
0.763797
0.763817
0.763827
0.763838
0.763841
0.763857
0.763859
0.763867
0.763876
0.763876
0.763877
0.763894
0.763898
0.7639
0.763912
0.763923
0.763931
0.763941
0.763961
0.763975
0.763984
0.764018
0.764028
0.764031
0.764048
0.764055
0.764057
0.764061
0.764078
0.76412
0.764126
0.764138
0.764141
0.764147
0.764185
0.764191
0.764212
0.764218
0.764221
0.764228
0.764235
0.764235
0.764239
0.764241
0.76426
0.764263
0.764278
0.764278
0.764298
0.764299
0.764307
0.764326
0.764339
0.764363
0.764364
0.7644
0.764401
0.764404
0.764433
0.764434
0.764436
0.764441
0.764442
0.764455
0.764459
0.764478
0.764481
0.764491
0.764491
0.7645
0.764512
0.764531
0.764542
0.764549
0.764556
0.76457
0.764572
0.764574
0.764579
0.764584
0.764608
0.764616
0.764618
0.764619
0.764633
0.764654
0.764682
0.764684
0.764695
0.764702
0.764703
0.764714
0.76472
0.76473
0.764735
0.764741
0.764746
0.76477
0.764777
0.764803
0.764838
0.764844
0.764856
0.764877
0.764878
0.764897
0.764899
0.764903
0.764914
0.764951
0.764963
0.764989
0.764999
0.765027
0.76503
0.765049
0.76509
0.765106
0.765128
0.765129
0.765137
0.765228
0.765259
0.765276
0.765302
0.765303
0.765305
0.765311
0.765343
0.765433
0.765443
0.765599
0.765625
0.765719
0.766027
0.713282
0.713682
0.71396
0.714165
0.714216
0.714401
0.714444
0.714489
0.714698
0.714735
0.714818
0.714836
0.71494
0.714957
0.715053
0.715174
0.715179
0.715221
0.715293
0.715294
0.715334
0.715372
0.715485
0.715498
0.715557
0.715648
0.71565
0.715661
0.715679
0.715682
0.7157
0.71572
0.715738
0.715746
0.715754
0.715806
0.715832
0.715853
0.715919
0.715926
0.715926
0.715927
0.715965
0.715978
0.715978
0.715989
0.715996
0.715998
0.71601
0.716011
0.716028
0.716031
0.716057
0.716071
0.716087
0.716087
0.716102
0.716106
0.716145
0.716148
0.716186
0.716192
0.716224
0.716228
0.716243
0.716249
0.716259
0.716271
0.716293
0.716293
0.716303
0.716313
0.716316
0.716316
0.716332
0.716355
0.716358
0.71636
0.716368
0.716375
0.716379
0.716401
0.71646
0.716467
0.716496
0.716529
0.716553
0.716566
0.716567
0.716568
0.716579
0.716591
0.716593
0.716594
0.71661
0.716631
0.716634
0.716638
0.716651
0.716663
0.716663
0.716664
0.716679
0.716684
0.716687
0.716746
0.716747
0.716761
0.716778
0.716779
0.716779
0.716785
0.716787
0.71682
0.716829
0.716847
0.716848
0.71685
0.716864
0.716867
0.716874
0.716884
0.716923
0.716934
0.716945
0.716948
0.716958
0.716966
0.716967
0.716974
0.71699
0.716994
0.717019
0.717051
0.717051
0.717055
0.717085
0.717115
0.717116
0.717121
0.717141
0.717156
0.717156
0.717162
0.717163
0.717204
0.717215
0.71725
0.717266
0.717269
0.717283
0.7173
0.717318
0.71734
0.717345
0.717347
0.717352
0.717352
0.717356
0.71738
0.717391
0.717415
0.717424
0.717438
0.717443
0.717448
0.71746
0.717484
0.71749
0.717494
0.717499
0.717519
0.717533
0.717538
0.717572
0.717577
0.717587
0.71761
0.717642
0.717644
0.717647
0.717663
0.717665
0.717684
0.717703
0.717709
0.717744
0.717745
0.717746
0.717751
0.717753
0.717758
0.717798
0.717799
0.717813
0.717817
0.717829
0.717829
0.71784
0.717869
0.717884
0.717893
0.717898
0.717918
0.717946
0.717957
0.717965
0.717965
0.717966
0.717975
0.717993
0.718013
0.718018
0.718035
0.718062
0.718069
0.718078
0.71809
0.718092
0.718095
0.718117
0.718127
0.718136
0.718149
0.718168
0.718194
0.7182
0.7182
0.718235
0.718242
0.718256
0.718259
0.71829
0.718327
0.71834
0.718371
0.718381
0.718415
0.718445
0.71856
0.718616
0.718657
0.718678
0.718713
0.718742
0.718834
0.718902
0.71893
0.719018
0.724144
0.724437
0.724569
0.7248
0.725288
0.725364
0.725482
0.725561
0.725603
0.725631
0.725637
0.725657
0.72566
0.725681
0.725785
0.725887
0.725888
0.725941
0.726021
0.726072
0.726082
0.726097
0.726179
0.726184
0.726202
0.726233
0.726301
0.726339
0.726352
0.726371
0.726403
0.726416
0.726421
0.726422
0.726436
0.726461
0.726465
0.726469
0.726469
0.726475
0.7265
0.72652
0.726521
0.726581
0.726588
0.726604
0.726614
0.726618
0.726619
0.726649
0.726656
0.726682
0.726688
0.726693
0.726703
0.726726
0.726729
0.726749
0.726764
0.726807
0.72681
0.72684
0.726859
0.726868
0.726885
0.726887
0.726896
0.726913
0.726922
0.726937
0.726946
0.726964
0.726992
0.727015
0.727028
0.727038
0.727061
0.727073
0.727082
0.727088
0.727089
0.727124
0.72715
0.727191
0.727195
0.727204
0.727214
0.72724
0.727255
0.72727
0.727281
0.727291
0.727303
0.727329
0.727333
0.727335
0.727336
0.727347
0.727367
0.727377
0.72738
0.727385
0.727386
0.727411
0.727429
0.727432
0.727441
0.727467
0.727469
0.727471
0.727491
0.727519
0.72752
0.727521
0.727522
0.727522
0.727522
0.727544
0.727549
0.727572
0.727578
0.727589
0.727606
0.727626
0.727633
0.727634
0.727643
0.727645
0.727651
0.727655
0.727672
0.727675
0.727687
0.727695
0.727708
0.727717
0.727723
0.727729
0.727736
0.727741
0.727742
0.727745
0.727747
0.727751
0.727753
0.727783
0.727798
0.727802
0.727806
0.727807
0.727815
0.727817
0.727842
0.727849
0.727849
0.72786
0.727871
0.727874
0.727891
0.727945
0.727948
0.727949
0.727989
0.727992
0.728015
0.728044
0.72805
0.728052
0.728065
0.728074
0.728102
0.728104
0.728105
0.728155
0.728156
0.728177
0.728184
0.728196
0.728201
0.728201
0.728218
0.728227
0.72823
0.728232
0.728239
0.728246
0.72825
0.72826
0.728286
0.72829
0.728293
0.728304
0.728309
0.728311
0.728324
0.728338
0.728352
0.728399
0.728399
0.7284
0.728436
0.728451
0.72846
0.728475
0.728488
0.728499
0.728513
0.728514
0.728515
0.728545
0.728558
0.728581
0.728634
0.728646
0.728656
0.728697
0.728722
0.728735
0.728745
0.728752
0.728778
0.728784
0.728838
0.728838
0.728876
0.729024
0.729326
0.754565
0.754731
0.754867
0.755286
0.755311
0.755461
0.755495
0.755529
0.755541
0.75559
0.755604
0.75566
0.755665
0.755713
0.755734
0.755784
0.755803
0.755822
0.755871
0.755872
0.755881
0.755973
0.755975
0.756
0.756011
0.756022
0.756036
0.756053
0.7561
0.756103
0.756142
0.756143
0.756184
0.756197
0.756198
0.756212
0.756213
0.756265
0.756281
0.756345
0.75637
0.756397
0.756403
0.756421
0.756431
0.756444
0.756456
0.756473
0.75648
0.756483
0.756518
0.756547
0.75656
0.756562
0.756567
0.756581
0.756588
0.75659
0.756592
0.756614
0.756621
0.756636
0.756639
0.756641
0.756661
0.756676
0.756709
0.756717
0.756717
0.756731
0.756731
0.756762
0.756762
0.756763
0.756765
0.756779
0.75678
0.756796
0.756815
0.756856
0.756856
0.75687
0.756871
0.756885
0.756887
0.756894
0.7569
0.756901
0.756916
0.756942
0.756948
0.756951
0.756958
0.75696
0.756962
0.756976
0.756993
0.757
0.757008
0.757032
0.75705
0.757052
0.75706
0.75706
0.757061
0.757107
0.757114
0.757115
0.757119
0.757174
0.757201
0.757216
0.757217
0.757217
0.757226
0.757229
0.757231
0.757233
0.757236
0.757238
0.757263
0.757274
0.757284
0.75731
0.757313
0.757315
0.75732
0.757324
0.757327
0.757329
0.757338
0.757352
0.757352
0.757374
0.757376
0.757387
0.757399
0.757402
0.757407
0.75742
0.757422
0.75743
0.757431
0.757449
0.75748
0.757492
0.757494
0.7575
0.757508
0.757517
0.757523
0.757524
0.757545
0.757545
0.757573
0.757577
0.75758
0.757583
0.757588
0.757596
0.757597
0.757605
0.757614
0.757615
0.757617
0.757638
0.757655
0.757655
0.75766
0.757662
0.757678
0.757683
0.757689
0.757693
0.757695
0.757701
0.757707
0.757711
0.757772
0.757772
0.757795
0.757797
0.757802
0.757805
0.757815
0.757816
0.757839
0.75784
0.757848
0.757854
0.757855
0.757856
0.757857
0.757887
0.757906
0.75791
0.757913
0.757916
0.757923
0.757933
0.757938
0.757956
0.757979
0.757982
0.757992
0.758008
0.758013
0.758021
0.758024
0.758032
0.758045
0.75806
0.758075
0.758111
0.758113
0.758121
0.758122
0.758123
0.758138
0.758147
0.758153
0.758154
0.758157
0.758198
0.758201
0.75821
0.758218
0.75824
0.758243
0.758247
0.758273
0.75828
0.758302
0.758302
0.758309
0.758325
0.758341
0.758346
0.758351
0.758376
0.758377
0.758398
0.75841
0.758412
0.75845
0.758459
0.758468
0.758546
0.75858
0.758669
0.758688
0.758742
0.758751
0.760549
0.76109
0.761224
0.761324
0.761367
0.761433
0.761473
0.761602
0.761604
0.761621
0.761649
0.761679
0.761715
0.761751
0.761824
0.761905
0.761996
0.762103
0.762162
0.762167
0.762221
0.762291
0.762312
0.762326
0.762347
0.762349
0.762364
0.762382
0.762407
0.762461
0.762462
0.762514
0.762589
0.762608
0.762625
0.762627
0.762633
0.762633
0.76264
0.762644
0.762648
0.762656
0.76267
0.762691
0.762692
0.762699
0.762704
0.762714
0.762748
0.762779
0.762781
0.762786
0.762798
0.762818
0.762819
0.762864
0.762884
0.762884
0.762888
0.762899
0.762921
0.762926
0.762948
0.762956
0.762962
0.762972
0.762972
0.762981
0.763003
0.76303
0.763031
0.763039
0.763042
0.763066
0.763068
0.763087
0.763096
0.763099
0.763102
0.763112
0.763119
0.763121
0.763125
0.763134
0.763136
0.763138
0.763146
0.763154
0.763214
0.763225
0.763236
0.763257
0.763263
0.763268
0.763275
0.763291
0.763294
0.763297
0.763315
0.763321
0.763329
0.763331
0.763344
0.763352
0.763359
0.763372
0.763376
0.763383
0.763388
0.763403
0.76341
0.763419
0.763436
0.763438
0.763439
0.763444
0.763445
0.763453
0.763457
0.763463
0.763484
0.763499
0.763511
0.763522
0.763523
0.763526
0.763536
0.763544
0.763544
0.763568
0.763573
0.763584
0.763591
0.763592
0.763592
0.763602
0.763605
0.763625
0.763635
0.763646
0.763649
0.763664
0.763667
0.763675
0.763684
0.763684
0.763685
0.763702
0.763706
0.763708
0.76372
0.763731
0.763739
0.763749
0.763769
0.763783
0.763792
0.763825
0.763836
0.763839
0.763856
0.763863
0.763864
0.763869
0.763886
0.763928
0.763934
0.763946
0.763949
0.763955
0.763993
0.763998
0.764019
0.764026
0.764029
0.764035
0.764043
0.764043
0.764047
0.764049
0.764068
0.764071
0.764086
0.764086
0.764106
0.764107
0.764115
0.764134
0.764147
0.764171
0.764171
0.764208
0.764209
0.764212
0.764241
0.764242
0.764244
0.764249
0.764249
0.764263
0.764267
0.764286
0.764289
0.764299
0.764299
0.764308
0.76432
0.764339
0.76435
0.764357
0.764364
0.764378
0.76438
0.764382
0.764387
0.764392
0.764416
0.764425
0.764426
0.764427
0.764441
0.764462
0.76449
0.764492
0.764503
0.76451
0.764512
0.764522
0.764528
0.764538
0.764543
0.764549
0.764554
0.764578
0.764585
0.764612
0.764646
0.764652
0.764664
0.764686
0.764686
0.764705
0.764707
0.764711
0.764722
0.76476
0.764771
0.764798
0.764807
0.764835
0.764839
0.764857
0.764899
0.764914
0.764936
0.764937
0.764945
0.765037
0.765068
0.765085
0.765111
0.765111
0.765114
0.76512
0.765151
0.765242
0.765252
0.765407
0.765434
0.765528
0.765836
