0.426879
0.426901
0.426907
0.426918
0.426934
0.426943
0.426954
0.426954
0.426955
0.426955
0.426959
0.426966
0.426971
0.426976
0.426978
0.426993
0.427001
0.427008
0.427015
0.427017
0.427037
0.427038
0.427042
0.427048
0.42705
0.427053
0.42706
0.42706
0.427061
0.427063
0.427063
0.427064
0.427067
0.427069
0.42707
0.427071
0.427071
0.427074
0.427075
0.427077
0.427077
0.427077
0.42708
0.427081
0.427082
0.427085
0.427086
0.427087
0.427089
0.42709
0.427093
0.427093
0.427094
0.427095
0.427096
0.427098
0.427098
0.427099
0.4271
0.427104
0.427105
0.427105
0.427106
0.427106
0.427111
0.427113
0.427115
0.427115
0.427116
0.427116
0.427117
0.427118
0.42712
0.427123
0.427123
0.427127
0.427127
0.427127
0.427128
0.427129
0.42713
0.427131
0.427132
0.427132
0.427132
0.427133
0.427137
0.427137
0.427139
0.42714
0.42714
0.427141
0.427143
0.427144
0.427145
0.427146
0.427147
0.427148
0.427149
0.42715
0.427152
0.427152
0.427153
0.427153
0.427154
0.427155
0.427157
0.427159
0.427161
0.427164
0.427165
0.427168
0.42717
0.42717
0.427172
0.427174
0.427174
0.427176
0.427176
0.427179
0.42718
0.427181
0.427184
0.427184
0.427184
0.427184
0.427185
0.427186
0.427186
0.427189
0.42719
0.42719
0.427191
0.427193
0.427194
0.427198
0.427198
0.427199
0.427203
0.427204
0.427204
0.427205
0.427206
0.427206
0.427206
0.427209
0.42721
0.427212
0.427212
0.427213
0.427216
0.427216
0.427216
0.427217
0.427217
0.427218
0.427221
0.427221
0.427222
0.427222
0.427224
0.427225
0.427225
0.427226
0.427227
0.42723
0.427233
0.427233
0.427234
0.427234
0.427235
0.427235
0.427237
0.427239
0.427239
0.427239
0.427239
0.427239
0.42724
0.427241
0.427242
0.427245
0.427245
0.427247
0.427247
0.427248
0.42725
0.427251
0.427253
0.427257
0.427257
0.427257
0.427258
0.427259
0.427261
0.427263
0.427268
0.427269
0.427269
0.427269
0.427272
0.427274
0.427276
0.427278
0.427279
0.42728
0.427281
0.427281
0.427283
0.427288
0.427288
0.427289
0.427289
0.427289
0.42729
0.42729
0.42729
0.427291
0.427294
0.427294
0.427295
0.427298
0.427301
0.427304
0.427306
0.427307
0.427309
0.42731
0.427311
0.427313
0.427315
0.427316
0.427316
0.427319
0.42732
0.42732
0.427322
0.427331
0.427332
0.427333
0.427341
0.427346
0.427354
0.427355
0.427372
0.427373
0.427374
0.42738
0.428428
0.428475
0.428497
0.428502
0.428505
0.428515
0.42852
0.42852
0.428526
0.428533
0.42854
0.428552
0.428559
0.428567
0.42857
0.428576
0.428592
0.428593
0.428597
0.428598
0.428606
0.42861
0.428614
0.428618
0.42862
0.428624
0.42863
0.428634
0.428643
0.428648
0.428648
0.428652
0.428653
0.428654
0.428674
0.428679
0.428684
0.428685
0.428698
0.428702
0.428703
0.428709
0.428709
0.428715
0.428716
0.428717
0.428719
0.428722
0.428728
0.428736
0.428736
0.428738
0.428741
0.428743
0.428744
0.428746
0.428747
0.428747
0.42875
0.428752
0.428754
0.428754
0.428756
0.428758
0.428762
0.428764
0.428764
0.428767
0.428769
0.428771
0.428772
0.428774
0.428774
0.428774
0.428774
0.428777
0.428782
0.428783
0.428783
0.428785
0.428786
0.428789
0.428789
0.428793
0.428793
0.428794
0.428796
0.428797
0.428798
0.428798
0.428801
0.428801
0.428805
0.428806
0.428809
0.42881
0.428812
0.428814
0.428817
0.428817
0.428819
0.42882
0.428822
0.428822
0.428825
0.428828
0.428829
0.428829
0.42883
0.428833
0.428836
0.428838
0.42884
0.428842
0.428842
0.428843
0.428844
0.428845
0.428846
0.42885
0.42885
0.428851
0.428852
0.428853
0.428855
0.428856
0.428857
0.428858
0.428858
0.42886
0.428864
0.428866
0.428866
0.428867
0.428868
0.428868
0.428868
0.42887
0.428871
0.428871
0.428872
0.428873
0.428875
0.428876
0.428877
0.428878
0.428881
0.428881
0.428881
0.428882
0.428888
0.428888
0.428889
0.428892
0.428893
0.428897
0.428898
0.428899
0.428899
0.4289
0.4289
0.428901
0.428907
0.428907
0.428909
0.428912
0.428912
0.428913
0.428914
0.428915
0.428915
0.428915
0.428916
0.428917
0.428918
0.428918
0.42892
0.428922
0.428924
0.428927
0.428931
0.428931
0.428932
0.428932
0.428933
0.428935
0.428935
0.428936
0.428937
0.428937
0.428938
0.42894
0.428941
0.428942
0.428943
0.428951
0.428951
0.428952
0.428952
0.428953
0.428954
0.428954
0.428954
0.428957
0.428962
0.428964
0.428964
0.428965
0.428967
0.428968
0.428975
0.428976
0.428976
0.42898
0.42898
0.428981
0.428988
0.428992
0.428997
0.428997
0.429
0.429002
0.429006
0.429008
0.42901
0.429012
0.429013
0.429016
0.429016
0.429021
0.429023
0.429024
0.429028
0.429029
0.429029
0.429029
0.429031
0.429035
0.429035
0.429042
0.429044
0.429055
0.429055
0.429061
0.429061
0.429069
0.429072
0.429077
0.429083
0.429084
0.429084
0.42909
0.429091
0.429099
0.429102
0.429107
0.429109
0.429111
0.429112
0.429112
0.429114
0.429114
0.429134
0.429137
0.429142
0.429142
0.42917
0.429173
0.429176
0.429189
0.429253
0.436707
0.436752
0.436777
0.436789
0.436808
0.436813
0.436816
0.436843
0.436846
0.436847
0.436857
0.436861
0.436882
0.436886
0.43689
0.436894
0.436903
0.436914
0.436915
0.436919
0.436924
0.436929
0.436932
0.436934
0.436938
0.436938
0.436942
0.436943
0.436944
0.436945
0.436951
0.436951
0.436968
0.436974
0.43698
0.436991
0.436996
0.436998
0.436999
0.437003
0.437009
0.437011
0.437014
0.437015
0.437016
0.437022
0.437024
0.437032
0.437033
0.437034
0.437046
0.437047
0.43705
0.437051
0.437053
0.437055
0.437061
0.437066
0.437069
0.437071
0.437073
0.437079
0.437084
0.437086
0.437099
0.437099
0.437102
0.437102
0.437102
0.437107
0.437108
0.43711
0.437112
0.437113
0.437122
0.437125
0.437126
0.437127
0.437128
0.437135
0.437142
0.437142
0.437151
0.437152
0.437153
0.437157
0.437157
0.43716
0.437161
0.437162
0.437162
0.437165
0.437167
0.437169
0.437178
0.43718
0.437188
0.437188
0.437189
0.437195
0.437199
0.43721
0.437211
0.437213
0.437217
0.437219
0.437222
0.437232
0.437233
0.437238
0.437239
0.437244
0.437251
0.437255
0.437256
0.437257
0.437259
0.437261
0.437261
0.437269
0.437271
0.437273
0.437274
0.437276
0.437278
0.437279
0.437283
0.437288
0.437293
0.437293
0.4373
0.4373
0.437303
0.437309
0.437309
0.437314
0.437322
0.437327
0.437329
0.43733
0.437332
0.437336
0.437338
0.437341
0.437351
0.437352
0.437355
0.437363
0.437369
0.437382
0.43739
0.437392
0.437396
0.437403
0.437408
0.437412
0.437415
0.437423
0.437425
0.437427
0.437435
0.437436
0.43744
0.437445
0.437446
0.437452
0.437457
0.437461
0.437462
0.437468
0.437469
0.437472
0.437472
0.437472
0.437474
0.437479
0.437482
0.437487
0.437491
0.437496
0.437502
0.437502
0.437512
0.437515
0.437517
0.437523
0.437525
0.437535
0.437541
0.437541
0.437543
0.437545
0.437547
0.437549
0.437552
0.437564
0.437575
0.437577
0.43758
0.437584
0.437584
0.43759
0.437598
0.437601
0.437607
0.43761
0.437617
0.437618
0.437626
0.43763
0.437657
0.43767
0.437673
0.437696
0.437701
0.437708
0.437717
0.437726
0.437735
0.437757
0.437773
0.437773
0.437787
0.437791
0.437797
0.43781
0.437814
0.437828
0.437829
0.437842
0.437847
0.43785
0.437856
0.437856
0.43786
0.437861
0.437873
0.437881
0.437908
0.437915
0.43792
0.437931
0.437965
0.437967
0.437973
0.437997
0.438004
0.438028
0.438036
0.438051
0.438264
0.438328
0.438374
0.442799
0.442896
0.442915
0.442941
0.442942
0.442959
0.442979
0.443
0.443011
0.443013
0.443013
0.443021
0.443022
0.443036
0.443038
0.443047
0.443057
0.443057
0.443071
0.443072
0.443075
0.443079
0.443085
0.443096
0.443102
0.443103
0.443105
0.44311
0.443113
0.443117
0.443118
0.443118
0.443122
0.443135
0.443138
0.443148
0.443148
0.443154
0.443156
0.443157
0.443186
0.443186
0.44319
0.443192
0.443193
0.443195
0.443198
0.443198
0.443204
0.443205
0.443205
0.443207
0.443208
0.443216
0.443224
0.443224
0.44323
0.443233
0.443234
0.443234
0.443239
0.443247
0.443254
0.443255
0.443261
0.443276
0.443277
0.44328
0.443283
0.443285
0.443287
0.443288
0.443291
0.4433
0.443302
0.443312
0.44332
0.443325
0.443327
0.443331
0.443336
0.443339
0.443342
0.443345
0.443347
0.443348
0.443356
0.443356
0.443359
0.44336
0.443372
0.443378
0.44338
0.443388
0.443389
0.443392
0.443392
0.443393
0.443402
0.443405
0.44342
0.443423
0.44343
0.443436
0.443438
0.443441
0.443442
0.443444
0.443453
0.443453
0.443455
0.443457
0.443462
0.443472
0.443474
0.443474
0.443475
0.443501
0.443507
0.443508
0.44351
0.443515
0.443517
0.443518
0.443533
0.443534
0.443543
0.443546
0.443547
0.443549
0.443553
0.443554
0.443555
0.443558
0.443571
0.443579
0.443579
0.443581
0.443584
0.443589
0.443598
0.443598
0.443602
0.443608
0.443624
0.443627
0.443633
0.443635
0.443636
0.44364
0.443646
0.443647
0.443648
0.443649
0.443655
0.443659
0.443674
0.443688
0.443692
0.443694
0.443694
0.443699
0.443704
0.443724
0.443725
0.443726
0.443728
0.443739
0.443741
0.443746
0.443747
0.443754
0.443765
0.443767
0.443773
0.443773
0.44379
0.443793
0.443794
0.443798
0.4438
0.443806
0.443814
0.443827
0.443836
0.443837
0.443843
0.443845
0.443846
0.443848
0.44385
0.443857
0.443857
0.443859
0.443864
0.443892
0.443892
0.443902
0.443928
0.443931
0.443935
0.443955
0.443957
0.443959
0.443971
0.443973
0.443981
0.444
0.444006
0.444018
0.444018
0.444024
0.444038
0.444038
0.44411
0.444122
0.444149
0.444204
0.44421
0.444239
0.444248
0.444327
0.444358
0.444393
0.44445
0.4445
0.444573
0.426823
0.426888
0.42691
0.426915
0.426927
0.426943
0.426952
0.426963
0.426963
0.426964
0.426964
0.426968
0.426975
0.42698
0.426985
0.426987
0.427002
0.42701
0.427017
0.427024
0.427026
0.427046
0.427047
0.427051
0.427057
0.427059
0.427062
0.427069
0.427069
0.42707
0.427072
0.427072
0.427073
0.427076
0.427078
0.427079
0.42708
0.42708
0.427083
0.427084
0.427086
0.427086
0.427086
0.427089
0.42709
0.427091
0.427094
0.427095
0.427096
0.427098
0.427099
0.427102
0.427102
0.427104
0.427104
0.427105
0.427107
0.427107
0.427108
0.427109
0.427113
0.427114
0.427115
0.427115
0.427115
0.42712
0.427122
0.427124
0.427124
0.427125
0.427126
0.427126
0.427127
0.427129
0.427132
0.427132
0.427136
0.427136
0.427136
0.427137
0.427138
0.427139
0.42714
0.427141
0.427141
0.427142
0.427142
0.427146
0.427146
0.427148
0.427149
0.427149
0.42715
0.427152
0.427153
0.427154
0.427155
0.427156
0.427158
0.427158
0.427159
0.427161
0.427161
0.427162
0.427162
0.427163
0.427164
0.427166
0.427168
0.42717
0.427173
0.427174
0.427177
0.427179
0.427179
0.427181
0.427183
0.427184
0.427185
0.427185
0.427189
0.427189
0.42719
0.427193
0.427193
0.427193
0.427194
0.427194
0.427195
0.427195
0.427198
0.427199
0.427199
0.4272
0.427202
0.427204
0.427207
0.427207
0.427208
0.427212
0.427213
0.427213
0.427214
0.427215
0.427215
0.427216
0.427218
0.427219
0.427221
0.427221
0.427222
0.427225
0.427225
0.427226
0.427226
0.427226
0.427227
0.42723
0.42723
0.427231
0.427232
0.427233
0.427234
0.427234
0.427236
0.427236
0.42724
0.427242
0.427243
0.427243
0.427243
0.427244
0.427244
0.427246
0.427248
0.427248
0.427248
0.427248
0.427248
0.42725
0.42725
0.427251
0.427254
0.427254
0.427256
0.427256
0.427258
0.427259
0.42726
0.427262
0.427266
0.427266
0.427267
0.427268
0.427269
0.42727
0.427272
0.427277
0.427278
0.427278
0.427278
0.427281
0.427284
0.427286
0.427288
0.427288
0.427289
0.42729
0.42729
0.427293
0.427297
0.427297
0.427298
0.427298
0.427298
0.427299
0.427299
0.4273
0.4273
0.427303
0.427304
0.427304
0.427308
0.42731
0.427313
0.427315
0.427317
0.427319
0.427319
0.42732
0.427323
0.427324
0.427325
0.427325
0.427329
0.427329
0.42733
0.427331
0.427341
0.427341
0.427342
0.42735
0.427356
0.427363
0.427364
0.427381
0.427382
0.427384
0.427389
0.428417
0.428463
0.428485
0.42849
0.428493
0.428504
0.428509
0.428509
0.428514
0.428521
0.428529
0.42854
0.428548
0.428556
0.428558
0.428565
0.428581
0.428581
0.428585
0.428587
0.428595
0.428599
0.428602
0.428606
0.428608
0.428612
0.428618
0.428622
0.428631
0.428636
0.428637
0.428641
0.428642
0.428642
0.428662
0.428667
0.428673
0.428673
0.428687
0.42869
0.428691
0.428697
0.428697
0.428704
0.428704
0.428705
0.428707
0.42871
0.428716
0.428724
0.428725
0.428726
0.42873
0.428732
0.428732
0.428735
0.428735
0.428736
0.428739
0.42874
0.428742
0.428742
0.428744
0.428746
0.42875
0.428752
0.428752
0.428756
0.428758
0.42876
0.428761
0.428762
0.428762
0.428763
0.428763
0.428765
0.428771
0.428771
0.428772
0.428773
0.428774
0.428778
0.428778
0.428781
0.428781
0.428782
0.428784
0.428786
0.428786
0.428786
0.42879
0.42879
0.428794
0.428795
0.428798
0.428799
0.4288
0.428803
0.428805
0.428805
0.428807
0.428809
0.42881
0.428811
0.428813
0.428817
0.428818
0.428818
0.428819
0.428821
0.428825
0.428827
0.428829
0.428831
0.428831
0.428832
0.428832
0.428834
0.428834
0.428838
0.428839
0.42884
0.42884
0.428842
0.428844
0.428845
0.428845
0.428846
0.428847
0.428849
0.428853
0.428854
0.428855
0.428855
0.428856
0.428857
0.428857
0.428859
0.42886
0.42886
0.428861
0.428861
0.428864
0.428865
0.428865
0.428866
0.428869
0.428869
0.42887
0.428871
0.428876
0.428877
0.428878
0.42888
0.428882
0.428886
0.428887
0.428887
0.428888
0.428888
0.428889
0.428889
0.428895
0.428895
0.428897
0.4289
0.428901
0.428902
0.428902
0.428903
0.428903
0.428903
0.428904
0.428906
0.428906
0.428907
0.428909
0.42891
0.428912
0.428915
0.42892
0.42892
0.42892
0.428921
0.428921
0.428924
0.428924
0.428924
0.428925
0.428926
0.428926
0.428928
0.428929
0.428931
0.428931
0.428939
0.42894
0.428941
0.428941
0.428942
0.428943
0.428943
0.428943
0.428946
0.428951
0.428952
0.428953
0.428954
0.428956
0.428956
0.428964
0.428965
0.428965
0.428969
0.428969
0.42897
0.428977
0.42898
0.428985
0.428986
0.428989
0.428991
0.428995
0.428997
0.428998
0.429001
0.429001
0.429005
0.429005
0.429009
0.429012
0.429013
0.429017
0.429017
0.429017
0.429017
0.42902
0.429023
0.429024
0.429031
0.429033
0.429044
0.429044
0.42905
0.42905
0.429058
0.429061
0.429066
0.429072
0.429072
0.429073
0.429079
0.42908
0.429087
0.429091
0.429096
0.429098
0.4291
0.4291
0.429101
0.429102
0.429103
0.429123
0.429126
0.42913
0.429131
0.429159
0.429161
0.429165
0.429178
0.429241
0.436698
0.436743
0.436768
0.43678
0.436799
0.436804
0.436806
0.436834
0.436837
0.436837
0.436848
0.436851
0.436872
0.436876
0.43688
0.436885
0.436893
0.436905
0.436905
0.43691
0.436914
0.43692
0.436923
0.436924
0.436928
0.436929
0.436933
0.436934
0.436934
0.436936
0.436941
0.436942
0.436958
0.436964
0.436971
0.436982
0.436987
0.436989
0.43699
0.436994
0.436999
0.437001
0.437005
0.437005
0.437006
0.437013
0.437015
0.437022
0.437024
0.437024
0.437037
0.437037
0.43704
0.437042
0.437044
0.437046
0.437051
0.437057
0.43706
0.437062
0.437063
0.437069
0.437075
0.437077
0.437089
0.437089
0.437092
0.437092
0.437092
0.437097
0.437098
0.4371
0.437102
0.437104
0.437112
0.437115
0.437116
0.437117
0.437118
0.437126
0.437132
0.437133
0.437141
0.437143
0.437143
0.437147
0.437148
0.43715
0.437152
0.437153
0.437153
0.437155
0.437157
0.43716
0.437168
0.437171
0.437178
0.437178
0.437179
0.437186
0.437189
0.4372
0.437202
0.437204
0.437207
0.437209
0.437212
0.437222
0.437223
0.437229
0.437229
0.437235
0.437241
0.437245
0.437247
0.437248
0.437249
0.437252
0.437252
0.43726
0.437261
0.437263
0.437264
0.437267
0.437268
0.437269
0.437273
0.437279
0.437283
0.437283
0.43729
0.437291
0.437294
0.437299
0.437299
0.437304
0.437312
0.437317
0.43732
0.437321
0.437322
0.437326
0.437329
0.437331
0.437341
0.437342
0.437346
0.437353
0.437359
0.437372
0.43738
0.437382
0.437387
0.437393
0.437398
0.437402
0.437405
0.437413
0.437416
0.437417
0.437425
0.437426
0.437431
0.437435
0.437436
0.437443
0.437448
0.437451
0.437452
0.437459
0.43746
0.437462
0.437462
0.437462
0.437465
0.43747
0.437472
0.437477
0.437481
0.437487
0.437492
0.437493
0.437502
0.437505
0.437507
0.437514
0.437515
0.437525
0.437531
0.437532
0.437533
0.437536
0.437537
0.43754
0.437542
0.437554
0.437566
0.437568
0.43757
0.437574
0.437574
0.43758
0.437589
0.437592
0.437597
0.437601
0.437608
0.437608
0.437617
0.437621
0.437647
0.43766
0.437664
0.437686
0.437692
0.437699
0.437708
0.437716
0.437726
0.437747
0.437763
0.437763
0.437777
0.437781
0.437787
0.4378
0.437805
0.437818
0.437819
0.437832
0.437837
0.43784
0.437846
0.437846
0.43785
0.437852
0.437864
0.437872
0.437899
0.437905
0.43791
0.437921
0.437956
0.437957
0.437963
0.437988
0.437994
0.438018
0.438026
0.438041
0.438255
0.438318
0.438364
0.442799
0.442896
0.442915
0.442941
0.442942
0.442959
0.442979
0.443001
0.443011
0.443013
0.443013
0.443021
0.443022
0.443036
0.443038
0.443048
0.443058
0.443058
0.443071
0.443072
0.443076
0.443079
0.443086
0.443096
0.443102
0.443104
0.443106
0.44311
0.443114
0.443117
0.443118
0.443118
0.443122
0.443135
0.443138
0.443148
0.443149
0.443154
0.443156
0.443158
0.443186
0.443187
0.44319
0.443192
0.443193
0.443196
0.443199
0.443199
0.443205
0.443205
0.443205
0.443207
0.443209
0.443216
0.443224
0.443224
0.44323
0.443233
0.443234
0.443235
0.443239
0.443247
0.443254
0.443255
0.443261
0.443276
0.443278
0.44328
0.443283
0.443285
0.443288
0.443288
0.443291
0.4433
0.443302
0.443312
0.44332
0.443325
0.443327
0.443331
0.443337
0.443339
0.443342
0.443345
0.443347
0.443348
0.443356
0.443357
0.443359
0.443361
0.443372
0.443378
0.443381
0.443389
0.443389
0.443392
0.443392
0.443394
0.443402
0.443405
0.443421
0.443423
0.44343
0.443436
0.443438
0.443441
0.443443
0.443444
0.443453
0.443453
0.443455
0.443457
0.443462
0.443472
0.443474
0.443474
0.443475
0.443501
0.443507
0.443508
0.44351
0.443516
0.443517
0.443518
0.443533
0.443534
0.443543
0.443546
0.443547
0.443549
0.443553
0.443554
0.443555
0.443558
0.443571
0.443579
0.443579
0.443581
0.443584
0.443589
0.443598
0.443598
0.443602
0.443608
0.443624
0.443627
0.443633
0.443635
0.443636
0.44364
0.443646
0.443647
0.443648
0.443649
0.443655
0.443659
0.443674
0.443688
0.443692
0.443694
0.443694
0.443699
0.443704
0.443724
0.443725
0.443726
0.443728
0.443739
0.443741
0.443746
0.443747
0.443754
0.443765
0.443767
0.443773
0.443773
0.44379
0.443793
0.443794
0.443798
0.4438
0.443806
0.443814
0.443827
0.443836
0.443837
0.443843
0.443845
0.443846
0.443848
0.44385
0.443857
0.443857
0.443859
0.443863
0.443892
0.443892
0.443902
0.443928
0.443931
0.443935
0.443955
0.443957
0.443959
0.443971
0.443973
0.443981
0.444
0.444006
0.444018
0.444018
0.444024
0.444038
0.444038
0.44411
0.444122
0.444149
0.444203
0.44421
0.444238
0.444248
0.444327
0.444358
0.444392
0.44445
0.4445
0.444572
0.426831
0.426897
0.426918
0.426924
0.426936
0.426952
0.426961
0.426971
0.426972
0.426973
0.426973
0.426977
0.426984
0.426989
0.426994
0.426996
0.427011
0.427019
0.427026
0.427033
0.427035
0.427055
0.427056
0.42706
0.427066
0.427068
0.427071
0.427078
0.427078
0.427079
0.427081
0.427081
0.427082
0.427085
0.427087
0.427088
0.427089
0.427089
0.427092
0.427093
0.427095
0.427095
0.427096
0.427098
0.427099
0.4271
0.427103
0.427104
0.427105
0.427107
0.427108
0.427111
0.427111
0.427113
0.427113
0.427114
0.427116
0.427116
0.427117
0.427118
0.427123
0.427123
0.427124
0.427124
0.427124
0.427129
0.427131
0.427133
0.427133
0.427134
0.427135
0.427135
0.427136
0.427138
0.427141
0.427141
0.427145
0.427145
0.427145
0.427146
0.427147
0.427148
0.427149
0.42715
0.427151
0.427151
0.427151
0.427155
0.427155
0.427158
0.427158
0.427158
0.427159
0.427161
0.427162
0.427163
0.427164
0.427165
0.427167
0.427167
0.427168
0.42717
0.42717
0.427171
0.427171
0.427172
0.427173
0.427175
0.427177
0.427179
0.427182
0.427183
0.427187
0.427188
0.427189
0.42719
0.427192
0.427193
0.427194
0.427194
0.427198
0.427199
0.427199
0.427202
0.427202
0.427202
0.427203
0.427203
0.427204
0.427204
0.427208
0.427208
0.427208
0.427209
0.427211
0.427213
0.427216
0.427217
0.427217
0.427221
0.427222
0.427222
0.427224
0.427224
0.427224
0.427225
0.427227
0.427228
0.42723
0.42723
0.427231
0.427234
0.427235
0.427235
0.427235
0.427236
0.427237
0.427239
0.42724
0.42724
0.427241
0.427242
0.427243
0.427244
0.427245
0.427245
0.427249
0.427252
0.427252
0.427252
0.427253
0.427253
0.427253
0.427255
0.427257
0.427257
0.427257
0.427257
0.427258
0.427259
0.427259
0.42726
0.427263
0.427264
0.427265
0.427265
0.427267
0.427268
0.42727
0.427271
0.427275
0.427276
0.427276
0.427277
0.427278
0.427279
0.427281
0.427286
0.427287
0.427287
0.427288
0.42729
0.427293
0.427295
0.427297
0.427297
0.427298
0.427299
0.427299
0.427302
0.427306
0.427306
0.427307
0.427307
0.427308
0.427308
0.427309
0.427309
0.427309
0.427313
0.427313
0.427313
0.427317
0.42732
0.427322
0.427324
0.427326
0.427328
0.427329
0.42733
0.427332
0.427334
0.427335
0.427335
0.427338
0.427338
0.427339
0.42734
0.42735
0.42735
0.427351
0.427359
0.427365
0.427373
0.427373
0.427391
0.427391
0.427393
0.427398
0.428405
0.428452
0.428474
0.428479
0.428482
0.428492
0.428497
0.428497
0.428503
0.42851
0.428517
0.428529
0.428536
0.428544
0.428547
0.428553
0.42857
0.42857
0.428574
0.428575
0.428583
0.428587
0.428591
0.428594
0.428597
0.428601
0.428607
0.428611
0.42862
0.428625
0.428625
0.428629
0.428631
0.428631
0.428651
0.428656
0.428661
0.428662
0.428675
0.428679
0.42868
0.428686
0.428686
0.428692
0.428693
0.428694
0.428696
0.428699
0.428705
0.428713
0.428713
0.428715
0.428719
0.42872
0.428721
0.428723
0.428724
0.428724
0.428727
0.428729
0.428731
0.428731
0.428733
0.428735
0.428739
0.428741
0.428741
0.428744
0.428746
0.428748
0.428749
0.428751
0.428751
0.428751
0.428751
0.428754
0.42876
0.42876
0.42876
0.428762
0.428763
0.428766
0.428766
0.42877
0.42877
0.428771
0.428773
0.428774
0.428775
0.428775
0.428778
0.428778
0.428783
0.428784
0.428786
0.428787
0.428789
0.428792
0.428794
0.428794
0.428796
0.428797
0.428799
0.4288
0.428802
0.428805
0.428806
0.428806
0.428807
0.42881
0.428813
0.428816
0.428818
0.42882
0.42882
0.42882
0.428821
0.428822
0.428823
0.428827
0.428827
0.428828
0.428829
0.42883
0.428832
0.428834
0.428834
0.428835
0.428836
0.428837
0.428841
0.428843
0.428843
0.428844
0.428845
0.428845
0.428845
0.428847
0.428848
0.428849
0.42885
0.42885
0.428852
0.428854
0.428854
0.428855
0.428858
0.428858
0.428859
0.42886
0.428865
0.428865
0.428867
0.428869
0.42887
0.428875
0.428875
0.428876
0.428876
0.428877
0.428877
0.428878
0.428884
0.428884
0.428886
0.428889
0.42889
0.42889
0.428891
0.428892
0.428892
0.428892
0.428893
0.428894
0.428895
0.428895
0.428897
0.428899
0.428901
0.428904
0.428908
0.428909
0.428909
0.42891
0.42891
0.428912
0.428912
0.428913
0.428914
0.428915
0.428915
0.428917
0.428918
0.42892
0.42892
0.428928
0.428929
0.428929
0.428929
0.42893
0.428931
0.428932
0.428932
0.428935
0.428939
0.428941
0.428942
0.428943
0.428944
0.428945
0.428952
0.428953
0.428953
0.428957
0.428958
0.428958
0.428965
0.428969
0.428974
0.428974
0.428977
0.42898
0.428983
0.428986
0.428987
0.428989
0.42899
0.428993
0.428994
0.428998
0.429001
0.429002
0.429005
0.429006
0.429006
0.429006
0.429008
0.429012
0.429013
0.42902
0.429021
0.429033
0.429033
0.429038
0.429039
0.429046
0.429049
0.429055
0.429061
0.429061
0.429062
0.429067
0.429069
0.429076
0.42908
0.429084
0.429086
0.429088
0.429089
0.429089
0.429091
0.429091
0.429112
0.429115
0.429119
0.429119
0.429147
0.42915
0.429153
0.429167
0.42923
0.436689
0.436733
0.436758
0.43677
0.436789
0.436794
0.436797
0.436825
0.436828
0.436828
0.436838
0.436842
0.436863
0.436867
0.436871
0.436875
0.436884
0.436895
0.436896
0.4369
0.436905
0.43691
0.436913
0.436915
0.436919
0.436919
0.436923
0.436924
0.436925
0.436926
0.436932
0.436932
0.436949
0.436955
0.436961
0.436972
0.436977
0.436979
0.43698
0.436984
0.43699
0.436992
0.436995
0.436996
0.436997
0.437003
0.437005
0.437013
0.437014
0.437015
0.437027
0.437028
0.437031
0.437032
0.437034
0.437036
0.437041
0.437047
0.43705
0.437052
0.437054
0.43706
0.437065
0.437067
0.43708
0.43708
0.437083
0.437083
0.437083
0.437088
0.437089
0.43709
0.437092
0.437094
0.437103
0.437106
0.437107
0.437108
0.437109
0.437116
0.437123
0.437123
0.437131
0.437133
0.437134
0.437137
0.437138
0.437141
0.437142
0.437143
0.437143
0.437146
0.437148
0.43715
0.437159
0.437161
0.437168
0.437169
0.437169
0.437176
0.43718
0.43719
0.437192
0.437194
0.437197
0.4372
0.437203
0.437213
0.437214
0.437219
0.437219
0.437225
0.437231
0.437236
0.437237
0.437238
0.43724
0.437242
0.437242
0.43725
0.437251
0.437253
0.437255
0.437257
0.437259
0.437259
0.437264
0.437269
0.437273
0.437273
0.43728
0.437281
0.437284
0.437289
0.43729
0.437295
0.437303
0.437308
0.43731
0.437311
0.437312
0.437317
0.437319
0.437322
0.437331
0.437333
0.437336
0.437344
0.437349
0.437362
0.437371
0.437373
0.437377
0.437384
0.437388
0.437393
0.437395
0.437404
0.437406
0.437407
0.437415
0.437416
0.437421
0.437425
0.437427
0.437433
0.437438
0.437442
0.437443
0.437449
0.43745
0.437453
0.437453
0.437453
0.437455
0.43746
0.437462
0.437467
0.437471
0.437477
0.437482
0.437483
0.437493
0.437495
0.437497
0.437504
0.437506
0.437515
0.437521
0.437522
0.437524
0.437526
0.437527
0.43753
0.437533
0.437545
0.437556
0.437558
0.43756
0.437564
0.437565
0.43757
0.437579
0.437582
0.437587
0.437591
0.437598
0.437599
0.437607
0.437611
0.437637
0.437651
0.437654
0.437677
0.437682
0.437689
0.437698
0.437706
0.437716
0.437738
0.437753
0.437753
0.437767
0.437771
0.437777
0.43779
0.437795
0.437809
0.437809
0.437822
0.437827
0.43783
0.437836
0.437836
0.43784
0.437842
0.437854
0.437862
0.437889
0.437895
0.4379
0.437911
0.437946
0.437947
0.437954
0.437978
0.437985
0.438008
0.438016
0.438031
0.438245
0.438308
0.438354
0.4428
0.442896
0.442915
0.442942
0.442942
0.44296
0.44298
0.443001
0.443012
0.443013
0.443014
0.443021
0.443022
0.443037
0.443038
0.443048
0.443058
0.443058
0.443071
0.443072
0.443076
0.443079
0.443086
0.443097
0.443103
0.443104
0.443106
0.44311
0.443114
0.443117
0.443118
0.443118
0.443123
0.443135
0.443138
0.443149
0.443149
0.443155
0.443156
0.443158
0.443187
0.443187
0.44319
0.443193
0.443194
0.443196
0.443199
0.443199
0.443205
0.443205
0.443205
0.443207
0.443209
0.443216
0.443224
0.443224
0.44323
0.443233
0.443234
0.443235
0.443239
0.443248
0.443254
0.443255
0.443261
0.443276
0.443278
0.44328
0.443283
0.443285
0.443288
0.443288
0.443291
0.443301
0.443302
0.443312
0.44332
0.443326
0.443327
0.443331
0.443337
0.443339
0.443342
0.443345
0.443347
0.443348
0.443356
0.443357
0.443359
0.443361
0.443372
0.443378
0.443381
0.443389
0.443389
0.443392
0.443392
0.443394
0.443402
0.443405
0.443421
0.443423
0.443431
0.443436
0.443438
0.443441
0.443443
0.443444
0.443453
0.443454
0.443456
0.443457
0.443462
0.443472
0.443474
0.443475
0.443475
0.443501
0.443507
0.443508
0.44351
0.443516
0.443517
0.443519
0.443533
0.443534
0.443543
0.443546
0.443547
0.443549
0.443553
0.443554
0.443555
0.443558
0.443571
0.443579
0.443579
0.443581
0.443584
0.443589
0.443598
0.443598
0.443602
0.443608
0.443624
0.443627
0.443633
0.443635
0.443636
0.44364
0.443646
0.443647
0.443648
0.443649
0.443655
0.443659
0.443674
0.443688
0.443692
0.443694
0.443694
0.443699
0.443704
0.443724
0.443725
0.443726
0.443728
0.443739
0.443741
0.443746
0.443747
0.443754
0.443765
0.443767
0.443773
0.443773
0.44379
0.443793
0.443794
0.443798
0.4438
0.443806
0.443814
0.443826
0.443836
0.443837
0.443843
0.443845
0.443846
0.443848
0.44385
0.443857
0.443857
0.443859
0.443863
0.443892
0.443892
0.443902
0.443928
0.443931
0.443935
0.443955
0.443957
0.443959
0.443971
0.443973
0.443981
0.444
0.444006
0.444017
0.444018
0.444024
0.444038
0.444038
0.44411
0.444122
0.444149
0.444203
0.44421
0.444238
0.444248
0.444327
0.444358
0.444392
0.44445
0.4445
0.444572
0.42684
0.426905
0.426927
0.426933
0.426945
0.426961
0.42697
0.42698
0.426981
0.426982
0.426982
0.426986
0.426993
0.426998
0.427003
0.427005
0.42702
0.427028
0.427035
0.427041
0.427044
0.427064
0.427065
0.427069
0.427075
0.427077
0.42708
0.427087
0.427087
0.427088
0.42709
0.42709
0.427091
0.427094
0.427096
0.427097
0.427098
0.427098
0.427101
0.427102
0.427104
0.427104
0.427105
0.427107
0.427108
0.427109
0.427112
0.427113
0.427114
0.427116
0.427117
0.42712
0.42712
0.427122
0.427122
0.427123
0.427125
0.427125
0.427126
0.427127
0.427132
0.427132
0.427133
0.427133
0.427133
0.427138
0.42714
0.427142
0.427142
0.427144
0.427144
0.427144
0.427145
0.427147
0.42715
0.42715
0.427154
0.427154
0.427154
0.427155
0.427156
0.427157
0.427158
0.427159
0.42716
0.42716
0.42716
0.427164
0.427165
0.427167
0.427167
0.427167
0.427168
0.427171
0.427171
0.427172
0.427173
0.427174
0.427176
0.427176
0.427178
0.427179
0.427179
0.42718
0.42718
0.427181
0.427182
0.427184
0.427186
0.427188
0.427191
0.427192
0.427196
0.427197
0.427198
0.427199
0.427201
0.427202
0.427203
0.427203
0.427207
0.427208
0.427208
0.427211
0.427211
0.427212
0.427212
0.427212
0.427213
0.427213
0.427217
0.427217
0.427217
0.427219
0.42722
0.427222
0.427225
0.427226
0.427226
0.42723
0.427231
0.427232
0.427233
0.427233
0.427233
0.427234
0.427236
0.427237
0.427239
0.427239
0.427241
0.427243
0.427244
0.427244
0.427245
0.427245
0.427246
0.427249
0.427249
0.42725
0.42725
0.427251
0.427253
0.427253
0.427254
0.427254
0.427258
0.427261
0.427261
0.427262
0.427262
0.427262
0.427263
0.427264
0.427266
0.427266
0.427266
0.427267
0.427267
0.427268
0.427268
0.42727
0.427272
0.427273
0.427274
0.427274
0.427276
0.427277
0.427279
0.42728
0.427284
0.427285
0.427285
0.427286
0.427287
0.427289
0.427291
0.427295
0.427297
0.427297
0.427297
0.427299
0.427302
0.427304
0.427306
0.427306
0.427307
0.427309
0.427309
0.427311
0.427315
0.427316
0.427316
0.427317
0.427317
0.427317
0.427318
0.427318
0.427318
0.427322
0.427322
0.427322
0.427326
0.427329
0.427331
0.427334
0.427335
0.427337
0.427338
0.427339
0.427341
0.427343
0.427344
0.427344
0.427347
0.427348
0.427348
0.42735
0.427359
0.427359
0.427361
0.427369
0.427374
0.427382
0.427383
0.4274
0.427401
0.427402
0.427408
0.428394
0.42844
0.428462
0.428467
0.42847
0.428481
0.428486
0.428486
0.428491
0.428498
0.428506
0.428517
0.428525
0.428533
0.428535
0.428542
0.428558
0.428558
0.428562
0.428564
0.428572
0.428576
0.428579
0.428583
0.428585
0.42859
0.428595
0.4286
0.428608
0.428614
0.428614
0.428618
0.428619
0.428619
0.428639
0.428644
0.42865
0.428651
0.428664
0.428667
0.428668
0.428674
0.428675
0.428681
0.428682
0.428683
0.428685
0.428688
0.428693
0.428701
0.428702
0.428703
0.428707
0.428709
0.428709
0.428712
0.428712
0.428713
0.428716
0.428718
0.428719
0.428719
0.428721
0.428723
0.428728
0.428729
0.42873
0.428733
0.428735
0.428737
0.428738
0.428739
0.428739
0.42874
0.42874
0.428743
0.428748
0.428749
0.428749
0.42875
0.428751
0.428755
0.428755
0.428758
0.428759
0.428759
0.428761
0.428763
0.428763
0.428763
0.428767
0.428767
0.428771
0.428772
0.428775
0.428776
0.428777
0.42878
0.428782
0.428782
0.428784
0.428786
0.428788
0.428788
0.428791
0.428794
0.428795
0.428795
0.428796
0.428798
0.428802
0.428804
0.428806
0.428808
0.428808
0.428809
0.428809
0.428811
0.428811
0.428816
0.428816
0.428817
0.428818
0.428819
0.428821
0.428822
0.428822
0.428823
0.428824
0.428826
0.42883
0.428832
0.428832
0.428832
0.428833
0.428834
0.428834
0.428836
0.428837
0.428837
0.428838
0.428839
0.428841
0.428842
0.428842
0.428843
0.428846
0.428847
0.428847
0.428848
0.428854
0.428854
0.428855
0.428857
0.428859
0.428863
0.428864
0.428865
0.428865
0.428866
0.428866
0.428866
0.428872
0.428873
0.428875
0.428878
0.428878
0.428879
0.42888
0.42888
0.428881
0.428881
0.428881
0.428883
0.428883
0.428884
0.428886
0.428888
0.42889
0.428893
0.428897
0.428897
0.428898
0.428898
0.428899
0.428901
0.428901
0.428902
0.428903
0.428903
0.428903
0.428905
0.428907
0.428908
0.428909
0.428917
0.428917
0.428918
0.428918
0.428919
0.42892
0.42892
0.42892
0.428923
0.428928
0.42893
0.42893
0.428931
0.428933
0.428934
0.428941
0.428942
0.428942
0.428946
0.428947
0.428947
0.428954
0.428958
0.428963
0.428963
0.428966
0.428969
0.428972
0.428974
0.428976
0.428978
0.428978
0.428982
0.428982
0.428987
0.428989
0.42899
0.428994
0.428995
0.428995
0.428995
0.428997
0.429001
0.429001
0.429008
0.42901
0.429021
0.429021
0.429027
0.429027
0.429035
0.429038
0.429043
0.429049
0.42905
0.42905
0.429056
0.429057
0.429065
0.429068
0.429073
0.429075
0.429077
0.429078
0.429078
0.42908
0.42908
0.429101
0.429103
0.429108
0.429108
0.429136
0.429139
0.429142
0.429155
0.429219
0.436679
0.436724
0.436749
0.436761
0.43678
0.436785
0.436787
0.436815
0.436818
0.436818
0.436829
0.436832
0.436853
0.436857
0.436861
0.436866
0.436874
0.436886
0.436886
0.436891
0.436895
0.436901
0.436904
0.436905
0.43691
0.43691
0.436914
0.436915
0.436915
0.436917
0.436922
0.436923
0.436939
0.436945
0.436952
0.436963
0.436968
0.43697
0.436971
0.436975
0.43698
0.436982
0.436986
0.436986
0.436987
0.436994
0.436996
0.437003
0.437005
0.437005
0.437018
0.437018
0.437021
0.437023
0.437025
0.437027
0.437032
0.437038
0.437041
0.437043
0.437044
0.43705
0.437055
0.437058
0.43707
0.43707
0.437073
0.437073
0.437073
0.437078
0.437079
0.437081
0.437083
0.437085
0.437093
0.437096
0.437097
0.437098
0.437099
0.437107
0.437113
0.437114
0.437122
0.437124
0.437124
0.437128
0.437128
0.437131
0.437133
0.437134
0.437134
0.437136
0.437138
0.43714
0.437149
0.437152
0.437159
0.437159
0.43716
0.437167
0.43717
0.437181
0.437182
0.437185
0.437188
0.43719
0.437193
0.437203
0.437204
0.43721
0.43721
0.437216
0.437222
0.437226
0.437228
0.437228
0.43723
0.437233
0.437233
0.437241
0.437242
0.437244
0.437245
0.437248
0.437249
0.43725
0.437254
0.43726
0.437264
0.437264
0.437271
0.437272
0.437275
0.43728
0.43728
0.437285
0.437293
0.437298
0.437301
0.437302
0.437303
0.437307
0.437309
0.437312
0.437322
0.437323
0.437327
0.437334
0.43734
0.437353
0.437361
0.437363
0.437367
0.437374
0.437379
0.437383
0.437386
0.437394
0.437397
0.437398
0.437406
0.437407
0.437411
0.437416
0.437417
0.437424
0.437428
0.437432
0.437433
0.437439
0.43744
0.437443
0.437443
0.437443
0.437446
0.437451
0.437453
0.437458
0.437462
0.437467
0.437473
0.437473
0.437483
0.437486
0.437488
0.437495
0.437496
0.437506
0.437512
0.437512
0.437514
0.437516
0.437518
0.43752
0.437523
0.437535
0.437546
0.437548
0.437551
0.437555
0.437555
0.437561
0.437569
0.437572
0.437578
0.437581
0.437588
0.437589
0.437597
0.437601
0.437628
0.437641
0.437644
0.437667
0.437672
0.437679
0.437688
0.437697
0.437706
0.437728
0.437743
0.437744
0.437758
0.437762
0.437768
0.437781
0.437785
0.437799
0.4378
0.437813
0.437817
0.43782
0.437826
0.437827
0.43783
0.437832
0.437844
0.437852
0.437879
0.437886
0.43789
0.437901
0.437936
0.437938
0.437944
0.437968
0.437975
0.437998
0.438007
0.438021
0.438235
0.438298
0.438345
0.4428
0.442897
0.442916
0.442942
0.442943
0.44296
0.44298
0.443001
0.443012
0.443014
0.443014
0.443022
0.443022
0.443037
0.443039
0.443048
0.443058
0.443058
0.443072
0.443073
0.443076
0.443079
0.443086
0.443097
0.443103
0.443104
0.443106
0.443111
0.443114
0.443117
0.443119
0.443119
0.443123
0.443135
0.443139
0.443149
0.443149
0.443155
0.443156
0.443158
0.443187
0.443187
0.44319
0.443193
0.443194
0.443196
0.443199
0.443199
0.443205
0.443205
0.443205
0.443207
0.443209
0.443216
0.443224
0.443225
0.443231
0.443233
0.443235
0.443235
0.44324
0.443248
0.443254
0.443255
0.443261
0.443276
0.443278
0.443281
0.443283
0.443285
0.443288
0.443288
0.443291
0.443301
0.443303
0.443313
0.443321
0.443326
0.443327
0.443331
0.443337
0.443339
0.443342
0.443345
0.443347
0.443348
0.443356
0.443357
0.443359
0.443361
0.443372
0.443378
0.443381
0.443389
0.443389
0.443392
0.443392
0.443394
0.443402
0.443405
0.443421
0.443423
0.443431
0.443436
0.443438
0.443441
0.443443
0.443444
0.443453
0.443454
0.443456
0.443458
0.443462
0.443472
0.443475
0.443475
0.443475
0.443501
0.443507
0.443508
0.44351
0.443516
0.443517
0.443519
0.443533
0.443534
0.443543
0.443546
0.443548
0.443549
0.443553
0.443554
0.443555
0.443558
0.443571
0.443579
0.443579
0.443581
0.443584
0.443589
0.443598
0.443598
0.443602
0.443608
0.443624
0.443627
0.443633
0.443635
0.443636
0.44364
0.443646
0.443647
0.443648
0.443649
0.443655
0.443659
0.443674
0.443688
0.443692
0.443694
0.443694
0.443699
0.443704
0.443724
0.443725
0.443726
0.443728
0.443739
0.443741
0.443746
0.443747
0.443754
0.443765
0.443767
0.443773
0.443773
0.44379
0.443792
0.443794
0.443798
0.4438
0.443806
0.443814
0.443826
0.443836
0.443837
0.443843
0.443845
0.443846
0.443848
0.44385
0.443857
0.443857
0.443859
0.443863
0.443892
0.443892
0.443902
0.443928
0.443931
0.443935
0.443955
0.443957
0.443959
0.443971
0.443973
0.443981
0.444
0.444006
0.444017
0.444017
0.444024
0.444037
0.444038
0.44411
0.444121
0.444149
0.444203
0.44421
0.444238
0.444247
0.444327
0.444358
0.444392
0.444449
0.444499
0.444572
0.426849
0.426914
0.426936
0.426942
0.426954
0.426969
0.426978
0.426989
0.42699
0.42699
0.426991
0.426995
0.427001
0.427007
0.427012
0.427014
0.427028
0.427037
0.427044
0.42705
0.427053
0.427073
0.427073
0.427078
0.427084
0.427086
0.427089
0.427096
0.427096
0.427097
0.427099
0.427099
0.4271
0.427103
0.427104
0.427106
0.427107
0.427107
0.42711
0.427111
0.427113
0.427113
0.427114
0.427116
0.427117
0.427118
0.427121
0.427122
0.427123
0.427125
0.427126
0.427129
0.427129
0.427131
0.427131
0.427132
0.427134
0.427134
0.427135
0.427136
0.427141
0.427141
0.427142
0.427142
0.427142
0.427147
0.427149
0.427151
0.427151
0.427153
0.427153
0.427153
0.427154
0.427156
0.427159
0.427159
0.427163
0.427163
0.427163
0.427164
0.427165
0.427166
0.427167
0.427168
0.427169
0.427169
0.427169
0.427173
0.427174
0.427176
0.427176
0.427176
0.427177
0.42718
0.42718
0.427181
0.427182
0.427183
0.427185
0.427185
0.427187
0.427188
0.427188
0.427189
0.427189
0.42719
0.427191
0.427193
0.427195
0.427197
0.4272
0.427201
0.427205
0.427206
0.427207
0.427208
0.42721
0.427211
0.427212
0.427212
0.427216
0.427217
0.427217
0.42722
0.42722
0.427221
0.427221
0.427221
0.427222
0.427222
0.427226
0.427226
0.427227
0.427228
0.427229
0.427231
0.427234
0.427235
0.427236
0.427239
0.42724
0.427241
0.427242
0.427242
0.427242
0.427243
0.427246
0.427246
0.427248
0.427249
0.42725
0.427252
0.427253
0.427253
0.427254
0.427254
0.427255
0.427258
0.427258
0.427259
0.427259
0.42726
0.427262
0.427262
0.427263
0.427263
0.427267
0.42727
0.42727
0.427271
0.427271
0.427271
0.427272
0.427273
0.427275
0.427275
0.427276
0.427276
0.427276
0.427277
0.427278
0.427279
0.427281
0.427282
0.427283
0.427284
0.427285
0.427287
0.427288
0.427289
0.427293
0.427294
0.427294
0.427295
0.427296
0.427298
0.4273
0.427305
0.427306
0.427306
0.427306
0.427308
0.427311
0.427313
0.427315
0.427316
0.427316
0.427318
0.427318
0.42732
0.427325
0.427325
0.427326
0.427326
0.427326
0.427327
0.427327
0.427327
0.427328
0.427331
0.427331
0.427332
0.427335
0.427338
0.427341
0.427343
0.427344
0.427346
0.427347
0.427348
0.42735
0.427352
0.427353
0.427353
0.427357
0.427357
0.427358
0.427359
0.427369
0.427369
0.42737
0.427378
0.427384
0.427391
0.427392
0.427409
0.42741
0.427412
0.427417
0.428382
0.428428
0.428451
0.428456
0.428459
0.428469
0.428474
0.428474
0.42848
0.428487
0.428494
0.428506
0.428513
0.428521
0.428524
0.42853
0.428547
0.428547
0.428551
0.428552
0.42856
0.428564
0.428568
0.428571
0.428574
0.428578
0.428584
0.428588
0.428597
0.428602
0.428602
0.428606
0.428608
0.428608
0.428628
0.428633
0.428638
0.428639
0.428652
0.428656
0.428657
0.428663
0.428663
0.42867
0.42867
0.428671
0.428673
0.428676
0.428682
0.42869
0.42869
0.428692
0.428696
0.428697
0.428698
0.4287
0.428701
0.428701
0.428705
0.428706
0.428708
0.428708
0.42871
0.428712
0.428716
0.428718
0.428718
0.428721
0.428723
0.428726
0.428727
0.428728
0.428728
0.428729
0.428729
0.428731
0.428737
0.428737
0.428738
0.428739
0.42874
0.428743
0.428744
0.428747
0.428747
0.428748
0.42875
0.428751
0.428752
0.428752
0.428755
0.428756
0.42876
0.428761
0.428764
0.428765
0.428766
0.428769
0.428771
0.428771
0.428773
0.428775
0.428776
0.428777
0.428779
0.428783
0.428784
0.428784
0.428785
0.428787
0.428791
0.428793
0.428795
0.428797
0.428797
0.428798
0.428798
0.4288
0.4288
0.428804
0.428804
0.428806
0.428806
0.428808
0.42881
0.428811
0.428811
0.428812
0.428813
0.428814
0.428819
0.42882
0.428821
0.428821
0.428822
0.428823
0.428823
0.428825
0.428826
0.428826
0.428827
0.428827
0.42883
0.428831
0.428831
0.428832
0.428835
0.428835
0.428836
0.428837
0.428842
0.428843
0.428844
0.428846
0.428848
0.428852
0.428853
0.428853
0.428853
0.428854
0.428855
0.428855
0.428861
0.428861
0.428863
0.428866
0.428867
0.428868
0.428868
0.428869
0.428869
0.428869
0.42887
0.428872
0.428872
0.428873
0.428875
0.428877
0.428878
0.428881
0.428886
0.428886
0.428886
0.428887
0.428887
0.42889
0.42889
0.42889
0.428891
0.428892
0.428892
0.428894
0.428895
0.428897
0.428897
0.428905
0.428906
0.428907
0.428907
0.428908
0.428909
0.428909
0.428909
0.428912
0.428917
0.428918
0.428919
0.42892
0.428922
0.428923
0.42893
0.428931
0.428931
0.428935
0.428935
0.428936
0.428943
0.428947
0.428951
0.428952
0.428955
0.428957
0.428961
0.428963
0.428964
0.428967
0.428967
0.428971
0.428971
0.428975
0.428978
0.428979
0.428983
0.428983
0.428983
0.428984
0.428986
0.428989
0.42899
0.428997
0.428999
0.42901
0.42901
0.429016
0.429016
0.429024
0.429027
0.429032
0.429038
0.429038
0.429039
0.429045
0.429046
0.429053
0.429057
0.429062
0.429064
0.429066
0.429066
0.429067
0.429068
0.429069
0.429089
0.429092
0.429097
0.429097
0.429125
0.429128
0.429131
0.429144
0.429208
0.43667
0.436714
0.436739
0.436752
0.43677
0.436775
0.436778
0.436806
0.436809
0.436809
0.436819
0.436823
0.436844
0.436848
0.436852
0.436856
0.436865
0.436876
0.436877
0.436881
0.436886
0.436891
0.436894
0.436896
0.4369
0.4369
0.436904
0.436905
0.436906
0.436908
0.436913
0.436914
0.43693
0.436936
0.436942
0.436953
0.436958
0.43696
0.436962
0.436965
0.436971
0.436973
0.436976
0.436977
0.436978
0.436984
0.436986
0.436994
0.436995
0.436996
0.437008
0.437009
0.437012
0.437013
0.437015
0.437017
0.437022
0.437028
0.437031
0.437033
0.437035
0.437041
0.437046
0.437048
0.437061
0.437061
0.437064
0.437064
0.437064
0.437069
0.43707
0.437071
0.437073
0.437075
0.437084
0.437087
0.437088
0.437089
0.43709
0.437097
0.437104
0.437104
0.437112
0.437114
0.437115
0.437118
0.437119
0.437122
0.437123
0.437124
0.437124
0.437126
0.437129
0.437131
0.43714
0.437142
0.437149
0.43715
0.43715
0.437157
0.437161
0.437171
0.437173
0.437175
0.437178
0.437181
0.437184
0.437194
0.437195
0.4372
0.4372
0.437206
0.437212
0.437217
0.437218
0.437219
0.43722
0.437223
0.437223
0.437231
0.437232
0.437234
0.437235
0.437238
0.43724
0.43724
0.437244
0.43725
0.437254
0.437254
0.437261
0.437262
0.437265
0.43727
0.437271
0.437276
0.437283
0.437289
0.437291
0.437292
0.437293
0.437298
0.4373
0.437303
0.437312
0.437314
0.437317
0.437324
0.43733
0.437343
0.437352
0.437354
0.437358
0.437364
0.437369
0.437374
0.437376
0.437385
0.437387
0.437388
0.437396
0.437397
0.437402
0.437406
0.437407
0.437414
0.437419
0.437422
0.437424
0.43743
0.437431
0.437433
0.437433
0.437434
0.437436
0.437441
0.437443
0.437448
0.437452
0.437458
0.437463
0.437464
0.437473
0.437476
0.437478
0.437485
0.437486
0.437496
0.437502
0.437503
0.437505
0.437507
0.437508
0.437511
0.437513
0.437525
0.437537
0.437539
0.437541
0.437545
0.437545
0.437551
0.43756
0.437563
0.437568
0.437572
0.437579
0.437579
0.437588
0.437592
0.437618
0.437631
0.437635
0.437657
0.437663
0.43767
0.437679
0.437687
0.437697
0.437718
0.437734
0.437734
0.437748
0.437752
0.437758
0.437771
0.437776
0.437789
0.43779
0.437803
0.437808
0.437811
0.437817
0.437817
0.437821
0.437823
0.437835
0.437842
0.437869
0.437876
0.437881
0.437892
0.437927
0.437928
0.437934
0.437958
0.437965
0.437989
0.437997
0.438011
0.438225
0.438289
0.438335
0.442801
0.442897
0.442916
0.442942
0.442943
0.44296
0.44298
0.443002
0.443012
0.443014
0.443014
0.443022
0.443023
0.443037
0.443039
0.443048
0.443058
0.443058
0.443072
0.443073
0.443076
0.44308
0.443086
0.443097
0.443103
0.443104
0.443106
0.443111
0.443114
0.443118
0.443119
0.443119
0.443123
0.443136
0.443139
0.443149
0.443149
0.443155
0.443157
0.443158
0.443187
0.443187
0.443191
0.443193
0.443194
0.443196
0.443199
0.443199
0.443205
0.443206
0.443206
0.443208
0.443209
0.443216
0.443225
0.443225
0.443231
0.443233
0.443235
0.443235
0.44324
0.443248
0.443254
0.443256
0.443262
0.443276
0.443278
0.443281
0.443283
0.443286
0.443288
0.443289
0.443291
0.443301
0.443303
0.443313
0.443321
0.443326
0.443327
0.443332
0.443337
0.44334
0.443342
0.443346
0.443347
0.443349
0.443356
0.443357
0.443359
0.443361
0.443372
0.443378
0.443381
0.443389
0.443389
0.443392
0.443392
0.443394
0.443402
0.443405
0.443421
0.443423
0.443431
0.443436
0.443439
0.443441
0.443443
0.443444
0.443454
0.443454
0.443456
0.443458
0.443462
0.443472
0.443475
0.443475
0.443475
0.443501
0.443507
0.443508
0.44351
0.443516
0.443518
0.443519
0.443533
0.443534
0.443543
0.443546
0.443548
0.443549
0.443554
0.443554
0.443555
0.443558
0.443571
0.443579
0.44358
0.443581
0.443585
0.443589
0.443598
0.443598
0.443602
0.443608
0.443624
0.443627
0.443633
0.443635
0.443636
0.44364
0.443646
0.443647
0.443648
0.443649
0.443655
0.443659
0.443674
0.443688
0.443692
0.443694
0.443694
0.443699
0.443704
0.443724
0.443725
0.443726
0.443728
0.44374
0.443741
0.443746
0.443747
0.443754
0.443765
0.443767
0.443773
0.443773
0.44379
0.443792
0.443794
0.443798
0.4438
0.443806
0.443814
0.443826
0.443836
0.443837
0.443843
0.443845
0.443846
0.443848
0.44385
0.443857
0.443857
0.443859
0.443863
0.443891
0.443892
0.443902
0.443928
0.443931
0.443935
0.443955
0.443957
0.443959
0.443971
0.443973
0.443981
0.444
0.444006
0.444017
0.444017
0.444024
0.444037
0.444038
0.44411
0.444121
0.444148
0.444203
0.444209
0.444238
0.444247
0.444327
0.444358
0.444391
0.444449
0.444499
0.444571
0.426857
0.426923
0.426945
0.426951
0.426963
0.426978
0.426987
0.426998
0.426998
0.426999
0.427
0.427004
0.42701
0.427016
0.42702
0.427023
0.427037
0.427046
0.427053
0.427059
0.427062
0.427082
0.427082
0.427087
0.427093
0.427095
0.427098
0.427105
0.427105
0.427106
0.427108
0.427108
0.427108
0.427112
0.427113
0.427114
0.427116
0.427116
0.427119
0.42712
0.427122
0.427122
0.427123
0.427125
0.427126
0.427127
0.42713
0.427131
0.427132
0.427134
0.427135
0.427138
0.427138
0.42714
0.42714
0.427141
0.427143
0.427143
0.427144
0.427145
0.42715
0.42715
0.427151
0.427151
0.427151
0.427156
0.427158
0.42716
0.42716
0.427162
0.427162
0.427162
0.427163
0.427165
0.427168
0.427168
0.427172
0.427172
0.427172
0.427174
0.427174
0.427176
0.427176
0.427177
0.427178
0.427178
0.427178
0.427182
0.427183
0.427185
0.427185
0.427185
0.427186
0.427189
0.427189
0.42719
0.427191
0.427192
0.427194
0.427194
0.427196
0.427197
0.427197
0.427198
0.427198
0.427199
0.4272
0.427202
0.427204
0.427206
0.427209
0.42721
0.427214
0.427215
0.427216
0.427218
0.427219
0.42722
0.427221
0.427221
0.427225
0.427226
0.427226
0.427229
0.42723
0.42723
0.42723
0.42723
0.427231
0.427231
0.427235
0.427235
0.427236
0.427237
0.427238
0.42724
0.427243
0.427244
0.427245
0.427248
0.42725
0.42725
0.427251
0.427251
0.427251
0.427252
0.427255
0.427256
0.427258
0.427258
0.427259
0.427262
0.427262
0.427262
0.427263
0.427263
0.427264
0.427267
0.427267
0.427268
0.427268
0.427269
0.427271
0.427271
0.427272
0.427272
0.427276
0.427279
0.427279
0.42728
0.42728
0.427281
0.427281
0.427282
0.427284
0.427285
0.427285
0.427285
0.427285
0.427286
0.427287
0.427288
0.427291
0.427291
0.427293
0.427293
0.427294
0.427296
0.427297
0.427299
0.427303
0.427303
0.427303
0.427305
0.427305
0.427307
0.427309
0.427314
0.427315
0.427315
0.427315
0.427318
0.42732
0.427323
0.427325
0.427325
0.427326
0.427327
0.427327
0.42733
0.427334
0.427334
0.427335
0.427335
0.427335
0.427336
0.427336
0.427337
0.427337
0.42734
0.427341
0.427341
0.427345
0.427347
0.42735
0.427352
0.427354
0.427356
0.427356
0.427357
0.427359
0.427361
0.427362
0.427362
0.427366
0.427366
0.427367
0.427368
0.427378
0.427378
0.427379
0.427387
0.427393
0.427401
0.427401
0.427418
0.427419
0.427421
0.427426
0.428371
0.428417
0.428439
0.428445
0.428447
0.428458
0.428463
0.428463
0.428468
0.428476
0.428483
0.428494
0.428502
0.42851
0.428513
0.428519
0.428535
0.428536
0.42854
0.428541
0.428549
0.428553
0.428556
0.42856
0.428563
0.428567
0.428572
0.428577
0.428585
0.428591
0.428591
0.428595
0.428596
0.428596
0.428616
0.428621
0.428627
0.428628
0.428641
0.428645
0.428645
0.428652
0.428652
0.428658
0.428659
0.42866
0.428662
0.428665
0.428671
0.428678
0.428679
0.428681
0.428685
0.428686
0.428687
0.428689
0.428689
0.42869
0.428693
0.428695
0.428696
0.428697
0.428699
0.4287
0.428705
0.428707
0.428707
0.42871
0.428712
0.428714
0.428715
0.428717
0.428717
0.428717
0.428717
0.42872
0.428726
0.428726
0.428726
0.428728
0.428729
0.428732
0.428732
0.428736
0.428736
0.428737
0.428738
0.42874
0.428741
0.428741
0.428744
0.428744
0.428749
0.42875
0.428752
0.428753
0.428755
0.428758
0.42876
0.42876
0.428762
0.428763
0.428765
0.428765
0.428768
0.428771
0.428772
0.428772
0.428773
0.428776
0.428779
0.428781
0.428784
0.428785
0.428786
0.428786
0.428787
0.428788
0.428789
0.428793
0.428793
0.428794
0.428795
0.428797
0.428798
0.4288
0.4288
0.428801
0.428802
0.428803
0.428807
0.428809
0.428809
0.42881
0.428811
0.428811
0.428811
0.428813
0.428814
0.428815
0.428815
0.428816
0.428818
0.42882
0.42882
0.428821
0.428824
0.428824
0.428824
0.428826
0.428831
0.428831
0.428833
0.428835
0.428836
0.428841
0.428841
0.428842
0.428842
0.428843
0.428843
0.428844
0.42885
0.42885
0.428852
0.428855
0.428855
0.428856
0.428857
0.428858
0.428858
0.428858
0.428859
0.42886
0.428861
0.428861
0.428864
0.428865
0.428867
0.42887
0.428875
0.428875
0.428875
0.428876
0.428876
0.428878
0.428878
0.428879
0.42888
0.428881
0.428881
0.428883
0.428884
0.428886
0.428886
0.428894
0.428895
0.428895
0.428895
0.428897
0.428897
0.428898
0.428898
0.428901
0.428905
0.428907
0.428908
0.428909
0.42891
0.428911
0.428918
0.428919
0.42892
0.428924
0.428924
0.428924
0.428931
0.428935
0.42894
0.428941
0.428943
0.428946
0.42895
0.428952
0.428953
0.428955
0.428956
0.42896
0.42896
0.428964
0.428967
0.428968
0.428972
0.428972
0.428972
0.428972
0.428974
0.428978
0.428979
0.428986
0.428988
0.428999
0.428999
0.429004
0.429005
0.429012
0.429016
0.429021
0.429027
0.429027
0.429028
0.429033
0.429035
0.429042
0.429046
0.429051
0.429053
0.429054
0.429055
0.429056
0.429057
0.429058
0.429078
0.429081
0.429085
0.429086
0.429114
0.429116
0.42912
0.429133
0.429197
0.436661
0.436705
0.43673
0.436742
0.436761
0.436766
0.436769
0.436796
0.436799
0.436799
0.43681
0.436813
0.436835
0.436838
0.436842
0.436847
0.436855
0.436867
0.436867
0.436872
0.436877
0.436882
0.436885
0.436887
0.436891
0.436891
0.436895
0.436896
0.436896
0.436898
0.436903
0.436904
0.43692
0.436926
0.436933
0.436944
0.436949
0.436951
0.436952
0.436956
0.436961
0.436964
0.436967
0.436967
0.436968
0.436975
0.436977
0.436984
0.436986
0.436986
0.436999
0.436999
0.437002
0.437004
0.437006
0.437008
0.437013
0.437019
0.437022
0.437024
0.437025
0.437031
0.437037
0.437039
0.437051
0.437051
0.437054
0.437054
0.437055
0.437059
0.43706
0.437062
0.437064
0.437066
0.437074
0.437077
0.437078
0.437079
0.43708
0.437088
0.437094
0.437095
0.437103
0.437105
0.437105
0.437109
0.437109
0.437112
0.437114
0.437115
0.437115
0.437117
0.437119
0.437121
0.43713
0.437133
0.43714
0.43714
0.437141
0.437148
0.437151
0.437162
0.437163
0.437166
0.437169
0.437171
0.437174
0.437184
0.437185
0.437191
0.437191
0.437197
0.437203
0.437207
0.437209
0.437209
0.437211
0.437214
0.437214
0.437222
0.437223
0.437225
0.437226
0.437229
0.43723
0.437231
0.437235
0.437241
0.437245
0.437245
0.437252
0.437253
0.437256
0.437261
0.437261
0.437266
0.437274
0.437279
0.437282
0.437282
0.437284
0.437288
0.43729
0.437293
0.437303
0.437304
0.437308
0.437315
0.437321
0.437334
0.437342
0.437344
0.437348
0.437355
0.43736
0.437364
0.437367
0.437375
0.437377
0.437379
0.437387
0.437388
0.437392
0.437397
0.437398
0.437405
0.437409
0.437413
0.437414
0.43742
0.437421
0.437424
0.437424
0.437424
0.437426
0.437431
0.437434
0.437439
0.437443
0.437448
0.437454
0.437454
0.437464
0.437467
0.437469
0.437475
0.437477
0.437486
0.437493
0.437493
0.437495
0.437497
0.437498
0.437501
0.437504
0.437516
0.437527
0.437529
0.437532
0.437536
0.437536
0.437542
0.43755
0.437553
0.437559
0.437562
0.437569
0.43757
0.437578
0.437582
0.437609
0.437622
0.437625
0.437648
0.437653
0.43766
0.437669
0.437677
0.437687
0.437709
0.437724
0.437724
0.437738
0.437742
0.437748
0.437761
0.437766
0.43778
0.43778
0.437793
0.437798
0.437801
0.437807
0.437807
0.437811
0.437813
0.437825
0.437833
0.43786
0.437866
0.437871
0.437882
0.437917
0.437918
0.437924
0.437949
0.437955
0.437979
0.437987
0.438002
0.438215
0.438279
0.438325
0.442801
0.442897
0.442916
0.442943
0.442943
0.442961
0.442981
0.443002
0.443013
0.443014
0.443014
0.443022
0.443023
0.443037
0.443039
0.443049
0.443059
0.443059
0.443072
0.443073
0.443077
0.44308
0.443086
0.443097
0.443103
0.443105
0.443107
0.443111
0.443114
0.443118
0.443119
0.443119
0.443123
0.443136
0.443139
0.443149
0.44315
0.443155
0.443157
0.443159
0.443187
0.443188
0.443191
0.443193
0.443194
0.443196
0.4432
0.4432
0.443205
0.443206
0.443206
0.443208
0.44321
0.443216
0.443225
0.443225
0.443231
0.443234
0.443235
0.443236
0.44324
0.443248
0.443254
0.443256
0.443262
0.443277
0.443278
0.443281
0.443283
0.443286
0.443288
0.443289
0.443291
0.443301
0.443303
0.443313
0.443321
0.443326
0.443328
0.443332
0.443337
0.44334
0.443342
0.443346
0.443348
0.443349
0.443356
0.443357
0.443359
0.443361
0.443372
0.443379
0.443381
0.443389
0.443389
0.443392
0.443393
0.443394
0.443402
0.443405
0.443421
0.443423
0.443431
0.443436
0.443439
0.443441
0.443443
0.443444
0.443454
0.443454
0.443456
0.443458
0.443462
0.443472
0.443475
0.443475
0.443475
0.443502
0.443507
0.443508
0.44351
0.443516
0.443518
0.443519
0.443533
0.443535
0.443543
0.443546
0.443548
0.443549
0.443554
0.443554
0.443555
0.443558
0.443571
0.44358
0.44358
0.443581
0.443585
0.443589
0.443598
0.443598
0.443602
0.443608
0.443624
0.443627
0.443633
0.443635
0.443636
0.44364
0.443647
0.443647
0.443648
0.443649
0.443655
0.443659
0.443674
0.443688
0.443692
0.443694
0.443694
0.443699
0.443704
0.443724
0.443725
0.443726
0.443728
0.44374
0.443741
0.443746
0.443747
0.443754
0.443765
0.443767
0.443773
0.443773
0.44379
0.443792
0.443794
0.443798
0.4438
0.443806
0.443814
0.443826
0.443836
0.443837
0.443843
0.443845
0.443846
0.443848
0.44385
0.443857
0.443858
0.443859
0.443863
0.443891
0.443892
0.443902
0.443927
0.443931
0.443935
0.443955
0.443957
0.443959
0.443971
0.443973
0.443981
0.444
0.444006
0.444017
0.444017
0.444024
0.444037
0.444038
0.44411
0.444121
0.444148
0.444203
0.444209
0.444238
0.444247
0.444326
0.444357
0.444391
0.444449
0.444499
0.444571
0.426866
0.426932
0.426953
0.426959
0.426971
0.426987
0.426996
0.427007
0.427007
0.427008
0.427008
0.427013
0.427019
0.427025
0.427029
0.427032
0.427046
0.427055
0.427062
0.427068
0.427071
0.427091
0.427091
0.427095
0.427102
0.427104
0.427107
0.427114
0.427114
0.427115
0.427117
0.427117
0.427117
0.427121
0.427122
0.427123
0.427125
0.427125
0.427128
0.427129
0.427131
0.427131
0.427132
0.427134
0.427135
0.427136
0.427139
0.42714
0.427141
0.427143
0.427144
0.427147
0.427147
0.427149
0.427149
0.42715
0.427152
0.427152
0.427153
0.427154
0.427159
0.427159
0.42716
0.42716
0.42716
0.427165
0.427167
0.427169
0.427169
0.427171
0.427171
0.427171
0.427172
0.427174
0.427177
0.427177
0.427181
0.427181
0.427181
0.427183
0.427183
0.427185
0.427185
0.427186
0.427187
0.427187
0.427187
0.427191
0.427192
0.427194
0.427194
0.427194
0.427195
0.427198
0.427198
0.427199
0.4272
0.427201
0.427203
0.427203
0.427205
0.427206
0.427207
0.427207
0.427207
0.427209
0.427209
0.427211
0.427213
0.427215
0.427219
0.427219
0.427223
0.427224
0.427225
0.427227
0.427228
0.427229
0.42723
0.42723
0.427234
0.427235
0.427235
0.427238
0.427239
0.427239
0.427239
0.427239
0.42724
0.427241
0.427244
0.427244
0.427245
0.427246
0.427247
0.427249
0.427252
0.427253
0.427254
0.427258
0.427259
0.427259
0.42726
0.42726
0.427261
0.427261
0.427264
0.427265
0.427267
0.427267
0.427268
0.427271
0.427271
0.427271
0.427272
0.427272
0.427273
0.427276
0.427276
0.427277
0.427277
0.427279
0.42728
0.42728
0.427281
0.427281
0.427285
0.427288
0.427288
0.427289
0.427289
0.42729
0.42729
0.427292
0.427293
0.427294
0.427294
0.427294
0.427294
0.427296
0.427296
0.427297
0.4273
0.4273
0.427302
0.427302
0.427303
0.427305
0.427306
0.427308
0.427312
0.427312
0.427313
0.427314
0.427315
0.427316
0.427318
0.427323
0.427324
0.427324
0.427324
0.427327
0.42733
0.427332
0.427334
0.427334
0.427335
0.427336
0.427336
0.427339
0.427343
0.427343
0.427344
0.427344
0.427345
0.427345
0.427345
0.427346
0.427346
0.42735
0.42735
0.42735
0.427354
0.427357
0.427359
0.427361
0.427363
0.427365
0.427366
0.427367
0.427369
0.42737
0.427372
0.427372
0.427375
0.427375
0.427376
0.427377
0.427387
0.427387
0.427388
0.427396
0.427402
0.42741
0.42741
0.427428
0.427429
0.42743
0.427436
0.428359
0.428405
0.428428
0.428433
0.428436
0.428446
0.428451
0.428451
0.428457
0.428464
0.428472
0.428483
0.42849
0.428499
0.428501
0.428508
0.428524
0.428524
0.428528
0.428529
0.428538
0.428541
0.428545
0.428549
0.428551
0.428555
0.428561
0.428566
0.428574
0.428579
0.42858
0.428584
0.428585
0.428585
0.428605
0.42861
0.428615
0.428617
0.428629
0.428633
0.428634
0.42864
0.428641
0.428647
0.428647
0.428649
0.42865
0.428654
0.428659
0.428667
0.428668
0.428669
0.428673
0.428675
0.428675
0.428678
0.428678
0.428679
0.428682
0.428684
0.428685
0.428685
0.428687
0.428689
0.428694
0.428695
0.428696
0.428699
0.428701
0.428703
0.428704
0.428705
0.428705
0.428706
0.428706
0.428709
0.428715
0.428715
0.428715
0.428716
0.428717
0.428721
0.428721
0.428724
0.428725
0.428725
0.428727
0.428729
0.428729
0.428729
0.428733
0.428733
0.428737
0.428738
0.428741
0.428742
0.428743
0.428746
0.428748
0.428749
0.428751
0.428752
0.428754
0.428754
0.428757
0.42876
0.428761
0.428761
0.428762
0.428764
0.428768
0.42877
0.428772
0.428774
0.428774
0.428775
0.428775
0.428777
0.428777
0.428782
0.428782
0.428783
0.428784
0.428785
0.428787
0.428788
0.428788
0.428789
0.42879
0.428792
0.428796
0.428797
0.428798
0.428798
0.428799
0.4288
0.4288
0.428802
0.428803
0.428803
0.428804
0.428805
0.428807
0.428808
0.428808
0.428809
0.428812
0.428813
0.428813
0.428814
0.42882
0.42882
0.428821
0.428824
0.428825
0.428829
0.42883
0.428831
0.428831
0.428832
0.428832
0.428833
0.428838
0.428839
0.428841
0.428844
0.428844
0.428845
0.428846
0.428846
0.428847
0.428847
0.428847
0.428849
0.42885
0.42885
0.428852
0.428854
0.428856
0.428859
0.428863
0.428863
0.428864
0.428864
0.428865
0.428867
0.428867
0.428868
0.428869
0.428869
0.42887
0.428872
0.428873
0.428875
0.428875
0.428883
0.428884
0.428884
0.428884
0.428885
0.428886
0.428886
0.428887
0.428889
0.428894
0.428896
0.428896
0.428897
0.428899
0.4289
0.428907
0.428908
0.428908
0.428912
0.428913
0.428913
0.42892
0.428924
0.428929
0.428929
0.428932
0.428935
0.428938
0.428941
0.428942
0.428944
0.428945
0.428948
0.428948
0.428953
0.428955
0.428957
0.42896
0.428961
0.428961
0.428961
0.428963
0.428967
0.428968
0.428975
0.428976
0.428988
0.428988
0.428993
0.428994
0.429001
0.429004
0.42901
0.429016
0.429016
0.429016
0.429022
0.429024
0.429031
0.429035
0.429039
0.429041
0.429043
0.429044
0.429044
0.429046
0.429046
0.429067
0.42907
0.429074
0.429074
0.429103
0.429105
0.429108
0.429122
0.429185
0.436651
0.436696
0.436721
0.436733
0.436752
0.436757
0.436759
0.436787
0.43679
0.43679
0.436801
0.436804
0.436825
0.436829
0.436833
0.436838
0.436846
0.436857
0.436858
0.436863
0.436867
0.436873
0.436875
0.436877
0.436881
0.436882
0.436886
0.436886
0.436887
0.436889
0.436894
0.436895
0.436911
0.436917
0.436924
0.436934
0.43694
0.436942
0.436943
0.436946
0.436952
0.436954
0.436958
0.436958
0.436959
0.436965
0.436967
0.436975
0.436977
0.436977
0.436989
0.43699
0.436993
0.436994
0.436996
0.436998
0.437004
0.437009
0.437012
0.437014
0.437016
0.437022
0.437027
0.437029
0.437042
0.437042
0.437045
0.437045
0.437045
0.43705
0.437051
0.437053
0.437055
0.437056
0.437065
0.437068
0.437069
0.43707
0.437071
0.437078
0.437085
0.437085
0.437093
0.437095
0.437096
0.4371
0.4371
0.437103
0.437104
0.437105
0.437105
0.437108
0.43711
0.437112
0.437121
0.437123
0.43713
0.437131
0.437131
0.437138
0.437142
0.437152
0.437154
0.437156
0.437159
0.437162
0.437165
0.437175
0.437176
0.437181
0.437181
0.437187
0.437193
0.437198
0.437199
0.4372
0.437201
0.437204
0.437204
0.437212
0.437213
0.437215
0.437216
0.437219
0.437221
0.437221
0.437225
0.437231
0.437235
0.437235
0.437242
0.437243
0.437246
0.437251
0.437252
0.437257
0.437264
0.43727
0.437272
0.437273
0.437274
0.437279
0.437281
0.437284
0.437293
0.437295
0.437298
0.437305
0.437311
0.437324
0.437333
0.437335
0.437339
0.437345
0.43735
0.437355
0.437357
0.437366
0.437368
0.437369
0.437377
0.437378
0.437383
0.437387
0.437388
0.437395
0.4374
0.437403
0.437404
0.437411
0.437412
0.437414
0.437414
0.437415
0.437417
0.437422
0.437424
0.437429
0.437433
0.437439
0.437444
0.437445
0.437454
0.437457
0.437459
0.437466
0.437467
0.437477
0.437483
0.437484
0.437485
0.437487
0.437489
0.437492
0.437494
0.437506
0.437517
0.437519
0.437522
0.437526
0.437526
0.437532
0.437541
0.437544
0.437549
0.437553
0.43756
0.43756
0.437569
0.437573
0.437599
0.437612
0.437615
0.437638
0.437643
0.43765
0.43766
0.437668
0.437677
0.437699
0.437715
0.437715
0.437729
0.437733
0.437739
0.437752
0.437756
0.43777
0.437771
0.437784
0.437788
0.437791
0.437797
0.437798
0.437801
0.437803
0.437815
0.437823
0.43785
0.437856
0.437861
0.437872
0.437907
0.437909
0.437915
0.437939
0.437946
0.437969
0.437978
0.437992
0.438206
0.438269
0.438315
0.442801
0.442898
0.442917
0.442943
0.442944
0.442961
0.442981
0.443002
0.443013
0.443015
0.443015
0.443023
0.443023
0.443038
0.443039
0.443049
0.443059
0.443059
0.443072
0.443074
0.443077
0.44308
0.443087
0.443098
0.443104
0.443105
0.443107
0.443111
0.443115
0.443118
0.443119
0.443119
0.443123
0.443136
0.443139
0.443149
0.44315
0.443156
0.443157
0.443159
0.443188
0.443188
0.443191
0.443194
0.443194
0.443197
0.4432
0.4432
0.443205
0.443206
0.443206
0.443208
0.44321
0.443217
0.443225
0.443225
0.443231
0.443234
0.443235
0.443236
0.44324
0.443248
0.443255
0.443256
0.443262
0.443277
0.443279
0.443281
0.443283
0.443286
0.443288
0.443289
0.443292
0.443301
0.443303
0.443313
0.443321
0.443327
0.443328
0.443332
0.443337
0.44334
0.443343
0.443346
0.443348
0.443349
0.443357
0.443357
0.443359
0.443361
0.443373
0.443379
0.443381
0.44339
0.44339
0.443393
0.443393
0.443394
0.443403
0.443405
0.443421
0.443423
0.443431
0.443437
0.443439
0.443441
0.443443
0.443445
0.443454
0.443454
0.443456
0.443458
0.443462
0.443472
0.443475
0.443475
0.443475
0.443502
0.443507
0.443508
0.44351
0.443516
0.443518
0.443519
0.443533
0.443535
0.443543
0.443546
0.443548
0.443549
0.443554
0.443554
0.443555
0.443558
0.443571
0.44358
0.44358
0.443581
0.443585
0.443589
0.443598
0.443598
0.443602
0.443608
0.443624
0.443627
0.443633
0.443635
0.443636
0.443641
0.443647
0.443647
0.443648
0.443649
0.443655
0.443659
0.443674
0.443688
0.443692
0.443694
0.443694
0.443699
0.443704
0.443724
0.443725
0.443726
0.443728
0.44374
0.443741
0.443746
0.443747
0.443754
0.443765
0.443767
0.443773
0.443773
0.44379
0.443792
0.443794
0.443798
0.4438
0.443806
0.443814
0.443826
0.443836
0.443837
0.443843
0.443845
0.443846
0.443848
0.44385
0.443857
0.443858
0.443859
0.443863
0.443891
0.443892
0.443901
0.443927
0.443931
0.443935
0.443954
0.443957
0.443959
0.443971
0.443973
0.443981
0.444
0.444006
0.444017
0.444017
0.444024
0.444037
0.444038
0.44411
0.444121
0.444148
0.444203
0.444209
0.444238
0.444247
0.444326
0.444357
0.444391
0.444449
0.444498
0.444571
0.426875
0.42694
0.426962
0.426968
0.42698
0.426996
0.427005
0.427016
0.427016
0.427017
0.427017
0.427022
0.427028
0.427033
0.427038
0.427041
0.427055
0.427064
0.427071
0.427077
0.42708
0.4271
0.4271
0.427104
0.427111
0.427113
0.427116
0.427123
0.427123
0.427124
0.427126
0.427126
0.427126
0.42713
0.427131
0.427132
0.427134
0.427134
0.427137
0.427138
0.42714
0.42714
0.427141
0.427143
0.427144
0.427145
0.427148
0.427149
0.42715
0.427152
0.427153
0.427156
0.427156
0.427158
0.427158
0.427159
0.42716
0.427161
0.427162
0.427163
0.427167
0.427168
0.427169
0.427169
0.427169
0.427174
0.427176
0.427178
0.427178
0.42718
0.42718
0.42718
0.427181
0.427183
0.427186
0.427186
0.42719
0.42719
0.42719
0.427192
0.427192
0.427194
0.427194
0.427195
0.427196
0.427196
0.427196
0.4272
0.427201
0.427203
0.427203
0.427203
0.427204
0.427207
0.427207
0.427208
0.427209
0.42721
0.427212
0.427212
0.427214
0.427215
0.427216
0.427216
0.427216
0.427218
0.427218
0.42722
0.427222
0.427224
0.427228
0.427228
0.427232
0.427233
0.427234
0.427236
0.427238
0.427238
0.427239
0.42724
0.427243
0.427244
0.427244
0.427247
0.427248
0.427248
0.427248
0.427248
0.427249
0.42725
0.427253
0.427253
0.427254
0.427255
0.427256
0.427258
0.427261
0.427262
0.427263
0.427267
0.427268
0.427268
0.427269
0.42727
0.42727
0.42727
0.427273
0.427274
0.427276
0.427276
0.427277
0.42728
0.42728
0.427281
0.427281
0.427281
0.427282
0.427285
0.427285
0.427286
0.427287
0.427288
0.427289
0.427289
0.427291
0.427291
0.427294
0.427297
0.427297
0.427298
0.427298
0.427299
0.427299
0.427301
0.427302
0.427303
0.427303
0.427303
0.427303
0.427305
0.427305
0.427306
0.427309
0.427309
0.427311
0.427311
0.427313
0.427314
0.427315
0.427317
0.427321
0.427321
0.427322
0.427323
0.427324
0.427325
0.427327
0.427332
0.427333
0.427333
0.427334
0.427336
0.427339
0.427341
0.427343
0.427343
0.427344
0.427345
0.427345
0.427348
0.427352
0.427352
0.427353
0.427353
0.427354
0.427354
0.427355
0.427355
0.427355
0.427359
0.427359
0.427359
0.427363
0.427366
0.427368
0.42737
0.427372
0.427374
0.427375
0.427376
0.427378
0.42738
0.427381
0.427381
0.427384
0.427385
0.427385
0.427387
0.427396
0.427396
0.427398
0.427406
0.427411
0.427419
0.42742
0.427437
0.427438
0.42744
0.427445
0.428348
0.428394
0.428417
0.428422
0.428424
0.428435
0.42844
0.42844
0.428445
0.428453
0.42846
0.428472
0.428479
0.428487
0.42849
0.428496
0.428513
0.428513
0.428517
0.428518
0.428526
0.42853
0.428534
0.428537
0.42854
0.428544
0.42855
0.428554
0.428563
0.428568
0.428568
0.428572
0.428574
0.428574
0.428594
0.428599
0.428604
0.428605
0.428618
0.428622
0.428623
0.428629
0.428629
0.428636
0.428636
0.428637
0.428639
0.428642
0.428648
0.428656
0.428656
0.428658
0.428662
0.428663
0.428664
0.428667
0.428667
0.428668
0.428671
0.428672
0.428674
0.428674
0.428676
0.428678
0.428682
0.428684
0.428684
0.428687
0.428689
0.428692
0.428693
0.428694
0.428694
0.428695
0.428695
0.428698
0.428703
0.428703
0.428704
0.428705
0.428706
0.428709
0.42871
0.428713
0.428714
0.428714
0.428716
0.428718
0.428718
0.428718
0.428722
0.428722
0.428726
0.428727
0.42873
0.428731
0.428732
0.428735
0.428737
0.428737
0.428739
0.428741
0.428742
0.428743
0.428746
0.428748
0.42875
0.42875
0.42875
0.428753
0.428757
0.428759
0.428761
0.428763
0.428763
0.428764
0.428764
0.428766
0.428766
0.42877
0.42877
0.428772
0.428772
0.428774
0.428776
0.428777
0.428777
0.428778
0.428779
0.42878
0.428785
0.428786
0.428787
0.428787
0.428788
0.428789
0.428789
0.428791
0.428792
0.428792
0.428793
0.428794
0.428796
0.428797
0.428797
0.428798
0.428801
0.428801
0.428802
0.428803
0.428808
0.428809
0.42881
0.428812
0.428814
0.428818
0.428819
0.428819
0.428819
0.428821
0.428821
0.428821
0.428827
0.428827
0.42883
0.428833
0.428833
0.428834
0.428835
0.428835
0.428835
0.428836
0.428836
0.428838
0.428838
0.428839
0.428841
0.428843
0.428845
0.428848
0.428852
0.428852
0.428853
0.428853
0.428854
0.428856
0.428856
0.428857
0.428858
0.428858
0.428858
0.42886
0.428862
0.428863
0.428864
0.428872
0.428872
0.428873
0.428873
0.428874
0.428875
0.428875
0.428875
0.428878
0.428883
0.428885
0.428885
0.428886
0.428888
0.428889
0.428896
0.428897
0.428897
0.428901
0.428902
0.428902
0.428909
0.428913
0.428918
0.428918
0.428921
0.428924
0.428927
0.42893
0.428931
0.428933
0.428933
0.428937
0.428937
0.428942
0.428944
0.428946
0.428949
0.428949
0.42895
0.42895
0.428952
0.428956
0.428956
0.428964
0.428965
0.428976
0.428977
0.428982
0.428982
0.42899
0.428993
0.428998
0.429004
0.429005
0.429005
0.429011
0.429012
0.42902
0.429023
0.429028
0.42903
0.429032
0.429033
0.429033
0.429035
0.429035
0.429056
0.429058
0.429063
0.429063
0.429092
0.429094
0.429097
0.42911
0.429174
0.436642
0.436686
0.436711
0.436724
0.436742
0.436747
0.43675
0.436778
0.436781
0.436781
0.436791
0.436795
0.436816
0.43682
0.436824
0.436828
0.436837
0.436848
0.436849
0.436853
0.436858
0.436863
0.436866
0.436868
0.436872
0.436872
0.436876
0.436877
0.436877
0.436879
0.436885
0.436885
0.436901
0.436908
0.436914
0.436925
0.43693
0.436932
0.436933
0.436937
0.436942
0.436945
0.436948
0.436949
0.43695
0.436956
0.436958
0.436966
0.436967
0.436967
0.43698
0.43698
0.436983
0.436985
0.436987
0.436989
0.436994
0.437
0.437003
0.437005
0.437006
0.437012
0.437018
0.43702
0.437032
0.437032
0.437035
0.437036
0.437036
0.43704
0.437042
0.437043
0.437045
0.437047
0.437055
0.437058
0.43706
0.43706
0.437061
0.437069
0.437075
0.437076
0.437084
0.437086
0.437086
0.43709
0.437091
0.437093
0.437095
0.437096
0.437096
0.437098
0.4371
0.437103
0.437111
0.437114
0.437121
0.437121
0.437122
0.437129
0.437132
0.437143
0.437145
0.437147
0.43715
0.437152
0.437155
0.437165
0.437166
0.437172
0.437172
0.437178
0.437184
0.437188
0.43719
0.437191
0.437192
0.437195
0.437195
0.437203
0.437204
0.437206
0.437207
0.43721
0.437211
0.437212
0.437216
0.437222
0.437226
0.437226
0.437233
0.437234
0.437237
0.437242
0.437242
0.437247
0.437255
0.43726
0.437263
0.437263
0.437265
0.437269
0.437271
0.437274
0.437284
0.437285
0.437289
0.437296
0.437302
0.437315
0.437323
0.437325
0.437329
0.437336
0.437341
0.437345
0.437347
0.437356
0.437358
0.43736
0.437367
0.437369
0.437373
0.437377
0.437379
0.437385
0.43739
0.437394
0.437395
0.437401
0.437402
0.437405
0.437405
0.437405
0.437407
0.437412
0.437414
0.437419
0.437423
0.437429
0.437434
0.437435
0.437445
0.437448
0.437449
0.437456
0.437458
0.437467
0.437473
0.437474
0.437476
0.437478
0.437479
0.437482
0.437485
0.437497
0.437508
0.43751
0.437512
0.437516
0.437517
0.437522
0.437531
0.437534
0.437539
0.437543
0.43755
0.437551
0.437559
0.437563
0.437589
0.437603
0.437606
0.437628
0.437634
0.437641
0.43765
0.437658
0.437668
0.437689
0.437705
0.437705
0.437719
0.437723
0.437729
0.437742
0.437747
0.43776
0.437761
0.437774
0.437779
0.437782
0.437788
0.437788
0.437792
0.437794
0.437806
0.437814
0.43784
0.437847
0.437852
0.437863
0.437897
0.437899
0.437905
0.437929
0.437936
0.437959
0.437968
0.437982
0.438196
0.438259
0.438305
0.442802
0.442898
0.442917
0.442943
0.442944
0.442961
0.442981
0.443003
0.443013
0.443015
0.443015
0.443023
0.443024
0.443038
0.44304
0.443049
0.443059
0.443059
0.443073
0.443074
0.443077
0.44308
0.443087
0.443098
0.443104
0.443105
0.443107
0.443112
0.443115
0.443118
0.44312
0.44312
0.443124
0.443136
0.44314
0.44315
0.44315
0.443156
0.443157
0.443159
0.443188
0.443188
0.443192
0.443194
0.443195
0.443197
0.4432
0.4432
0.443206
0.443206
0.443206
0.443208
0.44321
0.443217
0.443225
0.443225
0.443231
0.443234
0.443235
0.443236
0.44324
0.443248
0.443255
0.443256
0.443262
0.443277
0.443279
0.443281
0.443284
0.443286
0.443288
0.443289
0.443292
0.443301
0.443304
0.443313
0.443321
0.443327
0.443328
0.443332
0.443337
0.44334
0.443343
0.443346
0.443348
0.443349
0.443357
0.443357
0.44336
0.443361
0.443373
0.443379
0.443381
0.44339
0.44339
0.443393
0.443393
0.443395
0.443403
0.443405
0.443421
0.443423
0.443431
0.443437
0.443439
0.443442
0.443444
0.443445
0.443454
0.443454
0.443456
0.443458
0.443463
0.443472
0.443475
0.443475
0.443475
0.443502
0.443508
0.443508
0.443511
0.443517
0.443518
0.443519
0.443533
0.443535
0.443543
0.443546
0.443548
0.443549
0.443554
0.443554
0.443556
0.443558
0.443571
0.44358
0.44358
0.443581
0.443585
0.443589
0.443598
0.443598
0.443602
0.443608
0.443624
0.443627
0.443633
0.443635
0.443636
0.443641
0.443647
0.443648
0.443648
0.443649
0.443655
0.443659
0.443674
0.443688
0.443692
0.443694
0.443694
0.443699
0.443704
0.443724
0.443725
0.443726
0.443728
0.44374
0.443741
0.443746
0.443747
0.443754
0.443765
0.443767
0.443773
0.443773
0.44379
0.443792
0.443794
0.443798
0.4438
0.443806
0.443814
0.443826
0.443836
0.443837
0.443843
0.443845
0.443846
0.443848
0.44385
0.443857
0.443858
0.443858
0.443863
0.443891
0.443892
0.443901
0.443927
0.443931
0.443935
0.443954
0.443956
0.443959
0.443971
0.443973
0.443981
0.444
0.444006
0.444017
0.444017
0.444024
0.444037
0.444038
0.44411
0.444121
0.444148
0.444203
0.444209
0.444237
0.444247
0.444326
0.444357
0.444391
0.444448
0.444498
0.44457
0.426883
0.426949
0.426971
0.426977
0.426989
0.427005
0.427014
0.427024
0.427025
0.427026
0.427026
0.42703
0.427037
0.427042
0.427047
0.427049
0.427064
0.427073
0.42708
0.427086
0.427089
0.427109
0.427109
0.427113
0.42712
0.427122
0.427125
0.427132
0.427132
0.427133
0.427134
0.427135
0.427135
0.427138
0.42714
0.427141
0.427143
0.427143
0.427146
0.427147
0.427149
0.427149
0.42715
0.427152
0.427153
0.427154
0.427157
0.427158
0.427158
0.427161
0.427162
0.427165
0.427165
0.427167
0.427167
0.427168
0.427169
0.42717
0.427171
0.427172
0.427176
0.427177
0.427178
0.427178
0.427178
0.427183
0.427185
0.427187
0.427187
0.427189
0.427189
0.427189
0.42719
0.427192
0.427195
0.427195
0.427199
0.427199
0.427199
0.4272
0.427201
0.427203
0.427203
0.427204
0.427205
0.427205
0.427205
0.427209
0.427209
0.427212
0.427212
0.427212
0.427213
0.427216
0.427216
0.427217
0.427218
0.427219
0.427221
0.427221
0.427223
0.427224
0.427225
0.427225
0.427225
0.427227
0.427227
0.427229
0.427231
0.427233
0.427237
0.427237
0.427241
0.427242
0.427243
0.427245
0.427247
0.427247
0.427249
0.427249
0.427252
0.427253
0.427253
0.427256
0.427257
0.427257
0.427257
0.427257
0.427258
0.427259
0.427262
0.427263
0.427263
0.427264
0.427265
0.427267
0.42727
0.427271
0.427272
0.427276
0.427277
0.427277
0.427278
0.427279
0.427279
0.427279
0.427282
0.427283
0.427285
0.427285
0.427286
0.427289
0.427289
0.42729
0.42729
0.42729
0.427292
0.427294
0.427294
0.427295
0.427296
0.427297
0.427298
0.427299
0.4273
0.4273
0.427303
0.427306
0.427306
0.427307
0.427308
0.427308
0.427308
0.42731
0.427312
0.427312
0.427312
0.427312
0.427312
0.427314
0.427314
0.427315
0.427318
0.427318
0.42732
0.42732
0.427322
0.427323
0.427325
0.427326
0.42733
0.427331
0.427331
0.427332
0.427333
0.427335
0.427336
0.427341
0.427343
0.427343
0.427343
0.427345
0.427348
0.42735
0.427352
0.427352
0.427353
0.427354
0.427354
0.427357
0.427361
0.427362
0.427362
0.427363
0.427363
0.427363
0.427364
0.427364
0.427364
0.427368
0.427368
0.427368
0.427372
0.427375
0.427377
0.42738
0.427381
0.427383
0.427384
0.427385
0.427387
0.427389
0.42739
0.42739
0.427393
0.427394
0.427394
0.427396
0.427406
0.427406
0.427407
0.427415
0.427421
0.427428
0.427429
0.427446
0.427447
0.427449
0.427454
0.428337
0.428383
0.428405
0.42841
0.428413
0.428424
0.428428
0.428429
0.428434
0.428442
0.428449
0.42846
0.428467
0.428476
0.428479
0.428485
0.428501
0.428502
0.428506
0.428507
0.428515
0.428518
0.428522
0.428526
0.428529
0.428533
0.428538
0.428543
0.428551
0.428557
0.428557
0.428561
0.428562
0.428562
0.428582
0.428587
0.428593
0.428594
0.428607
0.428611
0.428611
0.428618
0.428618
0.428624
0.428625
0.428626
0.428628
0.428631
0.428637
0.428645
0.428645
0.428647
0.428651
0.428652
0.428653
0.428655
0.428655
0.428656
0.42866
0.428661
0.428662
0.428663
0.428665
0.428666
0.428671
0.428673
0.428673
0.428676
0.428678
0.42868
0.428681
0.428682
0.428683
0.428683
0.428684
0.428686
0.428692
0.428692
0.428692
0.428694
0.428695
0.428698
0.428699
0.428702
0.428702
0.428703
0.428704
0.428706
0.428707
0.428707
0.42871
0.428711
0.428715
0.428716
0.428719
0.428719
0.428721
0.428724
0.428726
0.428726
0.428728
0.428729
0.428731
0.428732
0.428734
0.428737
0.428738
0.428739
0.428739
0.428742
0.428745
0.428747
0.42875
0.428751
0.428752
0.428753
0.428753
0.428754
0.428755
0.428759
0.428759
0.428761
0.428761
0.428763
0.428764
0.428766
0.428766
0.428767
0.428768
0.428769
0.428774
0.428775
0.428776
0.428776
0.428777
0.428777
0.428777
0.428779
0.428781
0.428781
0.428781
0.428782
0.428785
0.428786
0.428786
0.428787
0.42879
0.42879
0.428791
0.428792
0.428797
0.428797
0.428799
0.428801
0.428802
0.428807
0.428807
0.428808
0.428808
0.428809
0.428809
0.42881
0.428816
0.428816
0.428818
0.428821
0.428822
0.428822
0.428824
0.428824
0.428824
0.428824
0.428825
0.428827
0.428827
0.428828
0.42883
0.428832
0.428833
0.428837
0.428841
0.428841
0.428841
0.428842
0.428842
0.428845
0.428845
0.428845
0.428846
0.428847
0.428847
0.428849
0.42885
0.428852
0.428853
0.42886
0.428861
0.428861
0.428862
0.428863
0.428863
0.428864
0.428864
0.428867
0.428872
0.428873
0.428874
0.428875
0.428876
0.428878
0.428885
0.428886
0.428886
0.42889
0.42889
0.428891
0.428898
0.428902
0.428907
0.428907
0.42891
0.428912
0.428916
0.428918
0.428919
0.428922
0.428922
0.428926
0.428926
0.428931
0.428933
0.428934
0.428938
0.428938
0.428938
0.428939
0.42894
0.428945
0.428945
0.428952
0.428954
0.428965
0.428965
0.428971
0.428971
0.428979
0.428982
0.428987
0.428993
0.428993
0.428994
0.429
0.429001
0.429008
0.429012
0.429017
0.429019
0.429021
0.429022
0.429022
0.429023
0.429024
0.429045
0.429047
0.429052
0.429052
0.42908
0.429083
0.429086
0.429099
0.429163
0.436633
0.436677
0.436702
0.436714
0.436733
0.436738
0.436741
0.436768
0.436771
0.436771
0.436782
0.436785
0.436806
0.43681
0.436814
0.436819
0.436827
0.436839
0.436839
0.436844
0.436848
0.436854
0.436857
0.436859
0.436863
0.436863
0.436867
0.436868
0.436868
0.43687
0.436875
0.436876
0.436892
0.436898
0.436905
0.436916
0.436921
0.436923
0.436924
0.436928
0.436933
0.436935
0.436939
0.436939
0.43694
0.436947
0.436949
0.436956
0.436958
0.436958
0.436971
0.436971
0.436974
0.436976
0.436978
0.43698
0.436985
0.436991
0.436994
0.436995
0.436997
0.437003
0.437008
0.43701
0.437023
0.437023
0.437026
0.437026
0.437026
0.437031
0.437032
0.437034
0.437036
0.437037
0.437046
0.437049
0.43705
0.437051
0.437052
0.43706
0.437066
0.437066
0.437075
0.437076
0.437077
0.437081
0.437081
0.437084
0.437086
0.437087
0.437087
0.437089
0.437091
0.437093
0.437102
0.437104
0.437112
0.437112
0.437113
0.43712
0.437123
0.437134
0.437135
0.437137
0.43714
0.437143
0.437146
0.437156
0.437157
0.437162
0.437163
0.437168
0.437174
0.437179
0.43718
0.437181
0.437183
0.437185
0.437185
0.437193
0.437194
0.437196
0.437198
0.4372
0.437202
0.437202
0.437207
0.437212
0.437216
0.437216
0.437223
0.437224
0.437227
0.437232
0.437233
0.437238
0.437246
0.437251
0.437253
0.437254
0.437255
0.43726
0.437262
0.437265
0.437274
0.437276
0.437279
0.437286
0.437292
0.437305
0.437314
0.437316
0.43732
0.437326
0.437331
0.437336
0.437338
0.437347
0.437349
0.43735
0.437358
0.437359
0.437364
0.437368
0.437369
0.437376
0.437381
0.437384
0.437385
0.437392
0.437393
0.437395
0.437395
0.437396
0.437398
0.437403
0.437405
0.43741
0.437414
0.43742
0.437425
0.437426
0.437435
0.437438
0.43744
0.437447
0.437448
0.437458
0.437464
0.437465
0.437466
0.437468
0.43747
0.437473
0.437475
0.437487
0.437498
0.4375
0.437503
0.437507
0.437507
0.437513
0.437522
0.437525
0.43753
0.437533
0.43754
0.437541
0.43755
0.437554
0.43758
0.437593
0.437596
0.437619
0.437624
0.437631
0.43764
0.437649
0.437658
0.43768
0.437695
0.437696
0.437709
0.437714
0.437719
0.437733
0.437737
0.437751
0.437752
0.437764
0.437769
0.437772
0.437778
0.437778
0.437782
0.437784
0.437796
0.437804
0.437831
0.437837
0.437842
0.437853
0.437888
0.437889
0.437896
0.43792
0.437926
0.43795
0.437958
0.437973
0.438186
0.43825
0.438296
0.442802
0.442898
0.442918
0.442944
0.442944
0.442962
0.442982
0.443003
0.443013
0.443015
0.443015
0.443023
0.443024
0.443038
0.44304
0.44305
0.443059
0.44306
0.443073
0.443074
0.443078
0.443081
0.443087
0.443098
0.443104
0.443105
0.443108
0.443112
0.443115
0.443119
0.44312
0.44312
0.443124
0.443137
0.44314
0.44315
0.44315
0.443156
0.443158
0.443159
0.443188
0.443188
0.443192
0.443194
0.443195
0.443197
0.4432
0.4432
0.443206
0.443206
0.443207
0.443209
0.443211
0.443217
0.443225
0.443226
0.443232
0.443234
0.443236
0.443236
0.44324
0.443249
0.443255
0.443257
0.443263
0.443278
0.443279
0.443282
0.443284
0.443286
0.443289
0.44329
0.443292
0.443302
0.443304
0.443314
0.443322
0.443327
0.443328
0.443332
0.443338
0.443341
0.443343
0.443346
0.443348
0.443349
0.443357
0.443358
0.44336
0.443362
0.443373
0.443379
0.443382
0.44339
0.44339
0.443393
0.443393
0.443395
0.443403
0.443405
0.443421
0.443424
0.443431
0.443437
0.443439
0.443442
0.443444
0.443445
0.443454
0.443454
0.443456
0.443458
0.443463
0.443472
0.443475
0.443475
0.443475
0.443502
0.443508
0.443509
0.443511
0.443517
0.443518
0.443519
0.443533
0.443535
0.443543
0.443546
0.443548
0.44355
0.443554
0.443554
0.443556
0.443558
0.443572
0.44358
0.44358
0.443581
0.443585
0.443589
0.443598
0.443598
0.443603
0.443608
0.443624
0.443628
0.443633
0.443635
0.443636
0.443641
0.443647
0.443648
0.443648
0.44365
0.443655
0.443659
0.443674
0.443688
0.443692
0.443694
0.443694
0.443699
0.443704
0.443724
0.443725
0.443726
0.443728
0.44374
0.443741
0.443746
0.443747
0.443754
0.443765
0.443767
0.443773
0.443773
0.44379
0.443792
0.443794
0.443798
0.443801
0.443806
0.443814
0.443826
0.443836
0.443837
0.443843
0.443845
0.443846
0.443848
0.44385
0.443857
0.443858
0.443858
0.443863
0.443891
0.443892
0.443901
0.443927
0.44393
0.443935
0.443954
0.443956
0.443959
0.443971
0.443973
0.443981
0.444
0.444006
0.444017
0.444017
0.444024
0.444037
0.444038
0.44411
0.444121
0.444148
0.444202
0.444209
0.444237
0.444247
0.444326
0.444357
0.44439
0.444448
0.444498
0.44457
0.426892
0.426958
0.42698
0.426986
0.426998
0.427013
0.427023
0.427033
0.427034
0.427035
0.427035
0.427039
0.427045
0.427051
0.427056
0.427058
0.427073
0.427081
0.427089
0.427095
0.427098
0.427118
0.427118
0.427122
0.427129
0.427131
0.427134
0.427141
0.427141
0.427142
0.427143
0.427144
0.427144
0.427147
0.427149
0.42715
0.427152
0.427152
0.427155
0.427156
0.427158
0.427158
0.427159
0.427161
0.427162
0.427163
0.427166
0.427167
0.427167
0.42717
0.427171
0.427174
0.427174
0.427176
0.427176
0.427177
0.427178
0.427179
0.42718
0.427181
0.427185
0.427186
0.427187
0.427187
0.427187
0.427192
0.427194
0.427196
0.427196
0.427198
0.427198
0.427198
0.427199
0.427201
0.427204
0.427204
0.427208
0.427208
0.427208
0.427209
0.42721
0.427212
0.427212
0.427213
0.427214
0.427214
0.427214
0.427218
0.427218
0.427221
0.427221
0.427221
0.427222
0.427225
0.427225
0.427226
0.427227
0.427228
0.42723
0.42723
0.427232
0.427233
0.427233
0.427234
0.427234
0.427236
0.427236
0.427239
0.42724
0.427242
0.427246
0.427246
0.42725
0.427251
0.427252
0.427254
0.427256
0.427256
0.427258
0.427258
0.427261
0.427262
0.427262
0.427265
0.427266
0.427266
0.427266
0.427267
0.427267
0.427268
0.427271
0.427272
0.427272
0.427273
0.427274
0.427277
0.427279
0.42728
0.427281
0.427285
0.427286
0.427286
0.427287
0.427288
0.427288
0.427288
0.427291
0.427292
0.427294
0.427294
0.427295
0.427298
0.427299
0.427299
0.427299
0.427299
0.427301
0.427303
0.427303
0.427304
0.427305
0.427306
0.427307
0.427308
0.427309
0.427309
0.427313
0.427315
0.427316
0.427316
0.427317
0.427317
0.427317
0.427319
0.427321
0.427321
0.427321
0.427321
0.427322
0.427323
0.427323
0.427324
0.427327
0.427327
0.427329
0.427329
0.427331
0.427332
0.427334
0.427335
0.427339
0.42734
0.42734
0.427341
0.427342
0.427344
0.427346
0.42735
0.427352
0.427352
0.427352
0.427354
0.427357
0.427359
0.427361
0.427361
0.427362
0.427364
0.427364
0.427366
0.42737
0.427371
0.427372
0.427372
0.427372
0.427373
0.427373
0.427373
0.427373
0.427377
0.427378
0.427378
0.427381
0.427384
0.427386
0.427389
0.42739
0.427392
0.427393
0.427394
0.427396
0.427398
0.427399
0.427399
0.427403
0.427403
0.427404
0.427405
0.427415
0.427415
0.427416
0.427424
0.42743
0.427438
0.427438
0.427455
0.427456
0.427458
0.427463
0.428325
0.428371
0.428394
0.428399
0.428402
0.428412
0.428417
0.428417
0.428423
0.428431
0.428437
0.428449
0.428456
0.428465
0.428467
0.428474
0.42849
0.42849
0.428495
0.428495
0.428503
0.428507
0.428511
0.428514
0.428517
0.428521
0.428527
0.428532
0.42854
0.428545
0.428546
0.42855
0.428551
0.428551
0.428571
0.428576
0.428582
0.428583
0.428595
0.4286
0.4286
0.428606
0.428607
0.428613
0.428614
0.428615
0.428616
0.42862
0.428625
0.428633
0.428634
0.428635
0.42864
0.428641
0.428642
0.428644
0.428644
0.428645
0.428648
0.42865
0.428651
0.428651
0.428653
0.428655
0.42866
0.428661
0.428662
0.428665
0.428667
0.428669
0.42867
0.428671
0.428672
0.428672
0.428672
0.428675
0.428681
0.428681
0.428681
0.428682
0.428684
0.428687
0.428687
0.428691
0.428691
0.428691
0.428693
0.428695
0.428695
0.428696
0.428699
0.428699
0.428703
0.428705
0.428707
0.428708
0.428709
0.428713
0.428715
0.428715
0.428717
0.428718
0.42872
0.42872
0.428723
0.428726
0.428727
0.428727
0.428728
0.428731
0.428734
0.428736
0.428738
0.42874
0.428741
0.428741
0.428742
0.428743
0.428744
0.428748
0.428748
0.428749
0.42875
0.428752
0.428753
0.428754
0.428755
0.428755
0.428757
0.428758
0.428762
0.428764
0.428764
0.428765
0.428766
0.428766
0.428766
0.428768
0.428769
0.42877
0.42877
0.428771
0.428773
0.428774
0.428775
0.428776
0.428778
0.428779
0.428779
0.42878
0.428786
0.428786
0.428788
0.42879
0.428791
0.428795
0.428796
0.428797
0.428797
0.428798
0.428798
0.428799
0.428805
0.428805
0.428807
0.42881
0.42881
0.428811
0.428812
0.428812
0.428813
0.428813
0.428814
0.428816
0.428816
0.428817
0.428819
0.42882
0.428822
0.428825
0.42883
0.42883
0.42883
0.428831
0.428831
0.428833
0.428834
0.428834
0.428835
0.428836
0.428836
0.428838
0.428839
0.428841
0.428841
0.428849
0.42885
0.42885
0.428851
0.428852
0.428852
0.428853
0.428853
0.428856
0.428861
0.428862
0.428863
0.428864
0.428865
0.428866
0.428873
0.428875
0.428875
0.428879
0.428879
0.42888
0.428886
0.428891
0.428895
0.428896
0.428899
0.428901
0.428905
0.428907
0.428908
0.428911
0.428911
0.428915
0.428915
0.428919
0.428922
0.428923
0.428927
0.428927
0.428927
0.428928
0.428929
0.428933
0.428934
0.428941
0.428943
0.428954
0.428954
0.42896
0.42896
0.428968
0.428971
0.428976
0.428982
0.428982
0.428983
0.428989
0.42899
0.428997
0.429001
0.429006
0.429008
0.42901
0.42901
0.429011
0.429012
0.429013
0.429033
0.429036
0.429041
0.429041
0.429069
0.429072
0.429075
0.429088
0.429152
0.436623
0.436668
0.436693
0.436705
0.436724
0.436729
0.436731
0.436759
0.436762
0.436762
0.436773
0.436776
0.436797
0.436801
0.436805
0.43681
0.436818
0.436829
0.43683
0.436835
0.436839
0.436845
0.436847
0.436849
0.436853
0.436854
0.436858
0.436858
0.436859
0.436861
0.436866
0.436867
0.436883
0.436889
0.436895
0.436906
0.436911
0.436913
0.436915
0.436918
0.436924
0.436926
0.436929
0.43693
0.436931
0.436937
0.436939
0.436947
0.436948
0.436948
0.436961
0.436962
0.436965
0.436966
0.436968
0.43697
0.436975
0.436981
0.436984
0.436986
0.436988
0.436994
0.436999
0.437001
0.437013
0.437014
0.437017
0.437017
0.437017
0.437022
0.437023
0.437024
0.437026
0.437028
0.437036
0.437039
0.437041
0.437041
0.437043
0.43705
0.437057
0.437057
0.437065
0.437067
0.437067
0.437071
0.437072
0.437075
0.437076
0.437077
0.437077
0.437079
0.437081
0.437084
0.437093
0.437095
0.437102
0.437103
0.437103
0.43711
0.437113
0.437124
0.437126
0.437128
0.437131
0.437134
0.437136
0.437146
0.437147
0.437153
0.437153
0.437159
0.437165
0.43717
0.437171
0.437172
0.437173
0.437176
0.437176
0.437184
0.437185
0.437187
0.437188
0.437191
0.437193
0.437193
0.437197
0.437203
0.437207
0.437207
0.437214
0.437215
0.437218
0.437223
0.437223
0.437228
0.437236
0.437241
0.437244
0.437245
0.437246
0.43725
0.437253
0.437255
0.437265
0.437266
0.43727
0.437277
0.437283
0.437296
0.437304
0.437306
0.43731
0.437317
0.437322
0.437326
0.437329
0.437337
0.437339
0.437341
0.437348
0.43735
0.437354
0.437359
0.43736
0.437367
0.437371
0.437375
0.437376
0.437382
0.437383
0.437386
0.437386
0.437386
0.437388
0.437393
0.437395
0.4374
0.437404
0.43741
0.437415
0.437416
0.437426
0.437429
0.43743
0.437437
0.437439
0.437448
0.437454
0.437455
0.437457
0.437459
0.43746
0.437463
0.437466
0.437478
0.437489
0.437491
0.437493
0.437497
0.437497
0.437503
0.437512
0.437515
0.43752
0.437524
0.437531
0.437532
0.43754
0.437544
0.43757
0.437584
0.437587
0.437609
0.437615
0.437622
0.437631
0.437639
0.437649
0.43767
0.437686
0.437686
0.4377
0.437704
0.43771
0.437723
0.437728
0.437741
0.437742
0.437755
0.43776
0.437763
0.437769
0.437769
0.437772
0.437774
0.437786
0.437794
0.437821
0.437828
0.437832
0.437843
0.437878
0.43788
0.437886
0.43791
0.437917
0.43794
0.437949
0.437963
0.438176
0.43824
0.438286
0.442803
0.442899
0.442918
0.442944
0.442945
0.442962
0.442982
0.443003
0.443014
0.443016
0.443016
0.443024
0.443024
0.443039
0.44304
0.44305
0.44306
0.44306
0.443073
0.443074
0.443078
0.443081
0.443087
0.443099
0.443105
0.443106
0.443108
0.443112
0.443115
0.443119
0.44312
0.44312
0.443124
0.443137
0.44314
0.44315
0.443151
0.443156
0.443158
0.44316
0.443188
0.443189
0.443192
0.443194
0.443195
0.443197
0.443201
0.443201
0.443206
0.443207
0.443207
0.443209
0.443211
0.443217
0.443226
0.443226
0.443232
0.443234
0.443236
0.443237
0.443241
0.443249
0.443255
0.443257
0.443263
0.443278
0.443279
0.443282
0.443284
0.443286
0.443289
0.44329
0.443292
0.443302
0.443304
0.443314
0.443322
0.443327
0.443328
0.443332
0.443338
0.443341
0.443343
0.443346
0.443348
0.443349
0.443357
0.443358
0.44336
0.443362
0.443373
0.443379
0.443382
0.44339
0.44339
0.443393
0.443393
0.443395
0.443403
0.443406
0.443421
0.443424
0.443432
0.443437
0.44344
0.443442
0.443444
0.443445
0.443454
0.443455
0.443456
0.443459
0.443463
0.443472
0.443475
0.443475
0.443475
0.443502
0.443508
0.443509
0.443511
0.443517
0.443518
0.443519
0.443533
0.443535
0.443543
0.443546
0.443548
0.44355
0.443554
0.443555
0.443556
0.443558
0.443572
0.44358
0.44358
0.443581
0.443585
0.44359
0.443598
0.443598
0.443603
0.443608
0.443624
0.443628
0.443633
0.443635
0.443636
0.443641
0.443647
0.443648
0.443648
0.44365
0.443655
0.44366
0.443674
0.443688
0.443693
0.443693
0.443694
0.443699
0.443704
0.443724
0.443725
0.443726
0.443728
0.44374
0.443742
0.443746
0.443747
0.443755
0.443765
0.443767
0.443773
0.443773
0.44379
0.443792
0.443794
0.443798
0.443801
0.443806
0.443814
0.443826
0.443836
0.443837
0.443842
0.443845
0.443846
0.443848
0.44385
0.443857
0.443858
0.443858
0.443863
0.443891
0.443892
0.443901
0.443927
0.44393
0.443935
0.443954
0.443956
0.443959
0.443971
0.443973
0.443981
0.444
0.444006
0.444017
0.444017
0.444024
0.444037
0.444038
0.44411
0.44412
0.444148
0.444202
0.444209
0.444237
0.444247
0.444326
0.444357
0.44439
0.444448
0.444498
0.44457
0
