0.623508
0.623971
0.624083
0.624151
0.62441
0.624558
0.624616
0.624925
0.62497
0.624987
0.625
0.625051
0.625099
0.625118
0.625157
0.625159
0.625208
0.62525
0.625319
0.625437
0.625466
0.625469
0.625481
0.625564
0.625575
0.625604
0.625755
0.62576
0.625768
0.625883
0.625894
0.625937
0.626001
0.626023
0.626044
0.626056
0.62607
0.626095
0.626136
0.626355
0.626366
0.62639
0.6264
0.62644
0.62652
0.626528
0.62654
0.626569
0.626575
0.626581
0.626628
0.626651
0.626666
0.626674
0.626686
0.626688
0.626708
0.626725
0.626731
0.626731
0.626756
0.626768
0.626789
0.6268
0.626819
0.626821
0.626848
0.626873
0.626875
0.626877
0.626918
0.626927
0.626936
0.626959
0.626975
0.62698
0.62698
0.626984
0.626986
0.626987
0.627016
0.627024
0.627066
0.627084
0.627094
0.62711
0.627122
0.627133
0.627135
0.627146
0.627146
0.627147
0.627158
0.627167
0.627176
0.627181
0.627191
0.627191
0.627201
0.627209
0.627211
0.627219
0.627222
0.627231
0.627239
0.627242
0.627252
0.627275
0.627307
0.627314
0.627315
0.627317
0.627337
0.627338
0.627352
0.627369
0.627369
0.627376
0.62738
0.627386
0.627407
0.627423
0.627425
0.627437
0.627437
0.627441
0.627465
0.627481
0.627485
0.627488
0.627496
0.6275
0.627507
0.627537
0.627558
0.627571
0.627576
0.627585
0.627588
0.627627
0.627632
0.627649
0.627662
0.627673
0.627675
0.627703
0.627708
0.627712
0.627712
0.627715
0.627723
0.627725
0.627754
0.627761
0.627762
0.627763
0.627781
0.627785
0.627796
0.627797
0.627811
0.62782
0.627823
0.627902
0.627908
0.627916
0.627918
0.627937
0.62795
0.627953
0.627956
0.627965
0.627968
0.627969
0.627971
0.627973
0.627979
0.627997
0.628018
0.628042
0.628053
0.628059
0.628096
0.628098
0.628117
0.628118
0.628118
0.628127
0.628138
0.628142
0.628153
0.628159
0.62816
0.628168
0.628172
0.628225
0.628246
0.628249
0.628249
0.628255
0.62826
0.62826
0.62828
0.628283
0.628307
0.628309
0.628329
0.628332
0.628363
0.628366
0.628383
0.628387
0.628392
0.628396
0.628411
0.628414
0.62842
0.628433
0.628433
0.628435
0.628438
0.628443
0.628444
0.628453
0.628458
0.628474
0.628489
0.628491
0.628497
0.628501
0.628501
0.628515
0.628521
0.628525
0.628559
0.62856
0.628561
0.628564
0.628575
0.628586
0.62859
0.628595
0.628601
0.628603
0.628605
0.628612
0.628618
0.62862
0.628636
0.628636
0.628637
0.628653
0.628666
0.628677
0.628679
0.628688
0.628693
0.62871
0.628734
0.62875
0.628751
0.62876
0.628761
0.628765
0.628781
0.628791
0.628806
0.628807
0.62881
0.628827
0.628829
0.628834
0.628843
0.628847
0.628854
0.628902
0.628902
0.628924
0.62893
0.628938
0.628941
0.628948
0.628961
0.628965
0.628966
0.628966
0.62897
0.628976
0.628999
0.628999
0.62901
0.62901
0.629032
0.62904
0.629104
0.629104
0.629114
0.629114
0.629123
0.629165
0.62917
0.629187
0.629227
0.629263
0.629268
0.629273
0.629286
0.62935
0.629363
0.629387
0.629399
0.629417
0.629424
0.629444
0.629498
0.629525
0.629567
0.629609
0.629612
0.629695
0.629726
0.62973
0.629813
0.629821
0.629866
0.629955
0.630038
0.687585
0.688226
0.688262
0.688281
0.688305
0.688359
0.688364
0.688391
0.6884
0.68843
0.688469
0.688474
0.688539
0.688562
0.688581
0.688584
0.688602
0.68861
0.688688
0.688708
0.688833
0.688849
0.688855
0.688903
0.688921
0.688935
0.688948
0.688949
0.68898
0.688993
0.689004
0.689014
0.68903
0.689038
0.689047
0.68905
0.689052
0.689053
0.689054
0.689074
0.68909
0.689093
0.689134
0.689137
0.689146
0.689146
0.689155
0.689158
0.689177
0.689192
0.68921
0.689213
0.689238
0.689255
0.689262
0.689266
0.689277
0.689281
0.689285
0.689293
0.689301
0.689303
0.68931
0.689322
0.689358
0.689379
0.689387
0.689388
0.689398
0.689453
0.689456
0.689458
0.68948
0.689481
0.689496
0.689503
0.689504
0.689514
0.689535
0.689559
0.689583
0.68959
0.689598
0.689599
0.68963
0.689634
0.689641
0.689652
0.689669
0.689672
0.689676
0.689689
0.689702
0.689703
0.689714
0.68972
0.689723
0.689729
0.689732
0.689735
0.689737
0.689751
0.689752
0.689758
0.689763
0.689775
0.689778
0.689779
0.689789
0.689791
0.689793
0.68981
0.689812
0.689823
0.689833
0.689836
0.689843
0.689849
0.689851
0.689854
0.689855
0.689864
0.689869
0.68988
0.689892
0.689896
0.6899
0.689903
0.689903
0.689906
0.689907
0.689908
0.689914
0.689917
0.689928
0.689929
0.689929
0.689931
0.689951
0.689951
0.689971
0.689974
0.690002
0.690021
0.690022
0.690034
0.690038
0.690052
0.690061
0.690071
0.690073
0.690082
0.690084
0.690086
0.690098
0.690105
0.690105
0.690106
0.69012
0.690123
0.690127
0.690131
0.69014
0.690146
0.690147
0.690149
0.69015
0.690153
0.690156
0.690157
0.690162
0.690162
0.690165
0.690169
0.69017
0.690178
0.690179
0.690184
0.69019
0.690193
0.690194
0.690213
0.690218
0.690222
0.690233
0.690234
0.690239
0.690242
0.690249
0.69025
0.69025
0.690254
0.690256
0.690257
0.690261
0.690263
0.690264
0.690272
0.690275
0.690285
0.690287
0.690288
0.690293
0.690319
0.690327
0.690333
0.690342
0.690345
0.690361
0.690361
0.69037
0.690378
0.69039
0.6904
0.690409
0.690412
0.690421
0.690422
0.690422
0.690427
0.69043
0.690432
0.690435
0.690435
0.690441
0.690441
0.690442
0.690447
0.690454
0.690455
0.690455
0.690458
0.690459
0.69046
0.690464
0.690467
0.690471
0.690477
0.690484
0.690486
0.690488
0.690489
0.690492
0.690494
0.690502
0.690506
0.690507
0.690521
0.690524
0.690525
0.690535
0.690539
0.690544
0.690547
0.690549
0.690551
0.690554
0.690556
0.69057
0.690573
0.690593
0.690599
0.690602
0.690609
0.690612
0.690617
0.690625
0.690626
0.69063
0.69063
0.690632
0.690633
0.690635
0.690642
0.690644
0.69066
0.69066
0.69067
0.690672
0.690673
0.690693
0.690695
0.6907
0.690705
0.690713
0.690722
0.690738
0.690743
0.690751
0.690753
0.690761
0.690767
0.690784
0.690797
0.690804
0.690808
0.690819
0.690845
0.690848
0.690848
0.690873
0.69089
0.6909
0.690924
0.690952
0.690954
0.690976
0.690978
0.690982
0.690996
0.690997
0.691
0.691001
0.691008
0.691014
0.691026
0.691032
0.691033
0.691041
0.691045
0.691047
0.691053
0.691081
0.691083
0.691105
0.691142
0.691147
0.691202
0.691213
0.691216
0.691278
0.691416
0.740834
0.74096
0.741154
0.741388
0.741467
0.741552
0.741598
0.741623
0.741696
0.741732
0.741793
0.741807
0.741824
0.74188
0.74195
0.741983
0.741996
0.742088
0.74213
0.742177
0.742188
0.742212
0.742218
0.742239
0.742256
0.742265
0.742328
0.742337
0.742367
0.742381
0.742382
0.742388
0.742406
0.742409
0.742434
0.74247
0.742488
0.742503
0.74251
0.742573
0.742607
0.742619
0.742627
0.742631
0.7427
0.742703
0.742719
0.742736
0.742753
0.742768
0.742777
0.742781
0.742812
0.742813
0.742825
0.742825
0.742839
0.74284
0.742841
0.742842
0.742847
0.742894
0.74291
0.742913
0.742917
0.742924
0.742932
0.742937
0.742939
0.742941
0.742947
0.742955
0.742962
0.742978
0.742996
0.742997
0.743012
0.743015
0.743022
0.743035
0.743046
0.743065
0.743069
0.743083
0.743084
0.743101
0.743123
0.743149
0.743153
0.743154
0.743155
0.743162
0.743166
0.743169
0.743189
0.743227
0.743237
0.743239
0.743266
0.743281
0.743288
0.74329
0.743294
0.743295
0.743296
0.743298
0.743301
0.743308
0.743328
0.743328
0.743351
0.743358
0.743366
0.743385
0.743392
0.743396
0.743397
0.743405
0.743409
0.743409
0.743411
0.743419
0.74342
0.743442
0.74345
0.743452
0.743464
0.743467
0.743473
0.743516
0.743518
0.743536
0.743552
0.743557
0.743558
0.743563
0.743563
0.743567
0.743569
0.743569
0.743581
0.743589
0.743596
0.743611
0.743613
0.743614
0.743615
0.74362
0.743629
0.74363
0.743632
0.743639
0.743643
0.743645
0.743664
0.743665
0.743684
0.743686
0.74369
0.743698
0.7437
0.743704
0.743708
0.743723
0.743724
0.743724
0.743731
0.743733
0.743741
0.743756
0.743764
0.743772
0.743778
0.743797
0.743797
0.743801
0.743802
0.743809
0.743816
0.743817
0.743822
0.743829
0.743833
0.743842
0.743851
0.743855
0.743855
0.743856
0.743862
0.743867
0.743867
0.743876
0.743886
0.743888
0.743894
0.743901
0.743909
0.743911
0.743914
0.743919
0.743927
0.743927
0.74393
0.743943
0.743948
0.743952
0.743958
0.743971
0.743972
0.743984
0.743993
0.743994
0.743995
0.743996
0.744006
0.744007
0.744008
0.744026
0.744027
0.744031
0.744034
0.74404
0.744047
0.744051
0.744065
0.744076
0.744079
0.744079
0.744094
0.744096
0.744123
0.744124
0.744125
0.744131
0.744132
0.744151
0.744158
0.744163
0.744165
0.744169
0.744173
0.744174
0.744174
0.744177
0.744181
0.74419
0.744195
0.74421
0.744219
0.74423
0.744235
0.744237
0.74424
0.74424
0.744242
0.744245
0.744251
0.744253
0.744258
0.744262
0.744266
0.744266
0.74427
0.744287
0.74429
0.744295
0.744298
0.744304
0.744306
0.744311
0.744317
0.744332
0.744352
0.744352
0.744364
0.744364
0.74437
0.744374
0.744391
0.744392
0.744411
0.74442
0.74443
0.74444
0.744446
0.744448
0.744448
0.744449
0.744468
0.744469
0.744476
0.744476
0.744485
0.744489
0.74449
0.744493
0.744497
0.744498
0.744504
0.74452
0.744525
0.744529
0.744532
0.744532
0.744553
0.744569
0.744573
0.74459
0.744597
0.744603
0.744606
0.74464
0.744657
0.744661
0.744673
0.744698
0.744701
0.744704
0.744708
0.744714
0.744721
0.744731
0.744738
0.74474
0.744748
0.74475
0.744759
0.744767
0.744778
0.744792
0.744805
0.744826
0.74487
0.744872
0.744884
0.744893
0.744924
0.744953
0.744974
0.745003
0.745176
0.62314
0.623603
0.623715
0.623783
0.624042
0.62419
0.624248
0.624557
0.624602
0.624618
0.624631
0.624683
0.624731
0.624749
0.624789
0.624791
0.624839
0.624881
0.624951
0.625068
0.625098
0.625101
0.625113
0.625195
0.625206
0.625235
0.625387
0.625391
0.6254
0.625514
0.625525
0.625568
0.625632
0.625654
0.625675
0.625687
0.625701
0.625726
0.625767
0.625986
0.625997
0.626021
0.626031
0.626071
0.626151
0.626159
0.626172
0.626199
0.626206
0.626212
0.626259
0.626282
0.626297
0.626305
0.626317
0.626319
0.626339
0.626355
0.626362
0.626362
0.626388
0.626399
0.62642
0.626431
0.62645
0.626452
0.626479
0.626505
0.626506
0.626508
0.626549
0.626558
0.626567
0.62659
0.626606
0.626611
0.626611
0.626615
0.626617
0.626618
0.626647
0.626655
0.626697
0.626715
0.626725
0.626741
0.626753
0.626763
0.626766
0.626777
0.626777
0.626778
0.626789
0.626798
0.626807
0.626811
0.626822
0.626822
0.626832
0.62684
0.626842
0.62685
0.626852
0.626862
0.62687
0.626873
0.626883
0.626906
0.626938
0.626945
0.626946
0.626948
0.626968
0.626969
0.626983
0.627
0.627
0.627007
0.627011
0.627017
0.627037
0.627054
0.627056
0.627067
0.627068
0.627071
0.627096
0.627112
0.627116
0.627119
0.627127
0.627131
0.627137
0.627167
0.627189
0.627202
0.627207
0.627216
0.627218
0.627258
0.627263
0.62728
0.627293
0.627304
0.627305
0.627334
0.627339
0.627343
0.627343
0.627345
0.627353
0.627356
0.627385
0.627391
0.627393
0.627394
0.627412
0.627416
0.627427
0.627428
0.627441
0.627451
0.627454
0.627533
0.627539
0.627547
0.627549
0.627567
0.62758
0.627584
0.627587
0.627596
0.627598
0.627599
0.627602
0.627604
0.62761
0.627628
0.627649
0.627673
0.627684
0.627689
0.627727
0.627729
0.627748
0.627748
0.627749
0.627757
0.627769
0.627773
0.627784
0.62779
0.627791
0.627798
0.627803
0.627856
0.627876
0.62788
0.62788
0.627886
0.627891
0.627891
0.627911
0.627914
0.627938
0.62794
0.62796
0.627963
0.627994
0.627996
0.628014
0.628018
0.628022
0.628026
0.628042
0.628044
0.628051
0.628064
0.628064
0.628065
0.628068
0.628074
0.628074
0.628084
0.628089
0.628105
0.628119
0.628121
0.628127
0.628131
0.628132
0.628146
0.628152
0.628156
0.628189
0.62819
0.628192
0.628195
0.628206
0.628217
0.628221
0.628225
0.628231
0.628234
0.628235
0.628243
0.628248
0.628251
0.628266
0.628267
0.628268
0.628284
0.628297
0.628308
0.628309
0.628319
0.628324
0.62834
0.628365
0.628381
0.628381
0.62839
0.628392
0.628396
0.628412
0.628422
0.628436
0.628437
0.628441
0.628458
0.628459
0.628465
0.628473
0.628478
0.628485
0.628532
0.628533
0.628554
0.62856
0.628569
0.628571
0.628579
0.628592
0.628595
0.628596
0.628597
0.628601
0.628607
0.628629
0.62863
0.62864
0.628641
0.628663
0.62867
0.628734
0.628734
0.628744
0.628745
0.628754
0.628796
0.6288
0.628817
0.628858
0.628894
0.628898
0.628903
0.628916
0.628981
0.628993
0.629018
0.62903
0.629048
0.629054
0.629074
0.629129
0.629155
0.629197
0.62924
0.629243
0.629325
0.629357
0.629361
0.629443
0.629451
0.629497
0.629586
0.629668
0.687403
0.688044
0.68808
0.688099
0.688123
0.688177
0.688182
0.688209
0.688218
0.688248
0.688286
0.688291
0.688356
0.68838
0.688398
0.688401
0.688419
0.688427
0.688506
0.688526
0.68865
0.688665
0.688671
0.68872
0.688738
0.688752
0.688765
0.688766
0.688797
0.68881
0.68882
0.688831
0.688847
0.688855
0.688864
0.688867
0.688869
0.68887
0.688871
0.688891
0.688906
0.68891
0.68895
0.688954
0.688963
0.688963
0.688971
0.688974
0.688994
0.689009
0.689026
0.689029
0.689055
0.689071
0.689079
0.689082
0.689093
0.689097
0.689101
0.689109
0.689117
0.689119
0.689126
0.689138
0.689174
0.689195
0.689204
0.689205
0.689214
0.689269
0.689272
0.689274
0.689296
0.689297
0.689313
0.689319
0.68932
0.68933
0.689351
0.689375
0.689399
0.689406
0.689414
0.689415
0.689446
0.689449
0.689457
0.689468
0.689484
0.689488
0.689491
0.689505
0.689518
0.689519
0.68953
0.689536
0.689539
0.689544
0.689548
0.689551
0.689552
0.689567
0.689568
0.689574
0.689579
0.689591
0.689594
0.689595
0.689605
0.689607
0.689609
0.689626
0.689628
0.689638
0.689649
0.689652
0.689659
0.689665
0.689666
0.68967
0.689671
0.689679
0.689685
0.689696
0.689707
0.689712
0.689715
0.689718
0.689719
0.689722
0.689723
0.689724
0.689729
0.689733
0.689744
0.689744
0.689745
0.689747
0.689766
0.689767
0.689787
0.689789
0.689817
0.689837
0.689837
0.68985
0.689854
0.689868
0.689877
0.689886
0.689888
0.689898
0.689899
0.689901
0.689913
0.68992
0.68992
0.689921
0.689936
0.689938
0.689942
0.689946
0.689955
0.689961
0.689962
0.689964
0.689965
0.689968
0.689972
0.689973
0.689977
0.689977
0.68998
0.689984
0.689985
0.689994
0.689995
0.689999
0.690005
0.690008
0.69001
0.690028
0.690033
0.690037
0.690048
0.690049
0.690054
0.690057
0.690064
0.690065
0.690066
0.690069
0.690072
0.690072
0.690076
0.690078
0.69008
0.690087
0.69009
0.6901
0.690102
0.690104
0.690108
0.690134
0.690142
0.690148
0.690157
0.69016
0.690176
0.690176
0.690185
0.690193
0.690205
0.690215
0.690224
0.690227
0.690236
0.690237
0.690237
0.690242
0.690245
0.690247
0.69025
0.69025
0.690256
0.690256
0.690256
0.690262
0.690269
0.69027
0.69027
0.690273
0.690274
0.690275
0.690279
0.690282
0.690286
0.690292
0.690299
0.690301
0.690302
0.690304
0.690307
0.690308
0.690317
0.690321
0.690322
0.690336
0.690339
0.69034
0.69035
0.690354
0.690359
0.690362
0.690364
0.690365
0.690369
0.69037
0.690385
0.690388
0.690407
0.690414
0.690416
0.690423
0.690427
0.690432
0.690439
0.690441
0.690445
0.690445
0.690446
0.690448
0.69045
0.690457
0.690459
0.690475
0.690475
0.690485
0.690486
0.690488
0.690508
0.69051
0.690514
0.69052
0.690528
0.690537
0.690553
0.690557
0.690566
0.690567
0.690575
0.690581
0.690599
0.690612
0.690619
0.690623
0.690633
0.69066
0.690663
0.690663
0.690687
0.690705
0.690714
0.690739
0.690766
0.690768
0.69079
0.690793
0.690797
0.69081
0.690811
0.690814
0.690816
0.690822
0.690828
0.69084
0.690846
0.690847
0.690855
0.690859
0.690861
0.690867
0.690896
0.690897
0.690919
0.690956
0.690961
0.691016
0.691027
0.69103
0.691092
0.69123
0.740745
0.74087
0.741064
0.741299
0.741378
0.741462
0.741508
0.741534
0.741607
0.741642
0.741704
0.741718
0.741734
0.741791
0.74186
0.741893
0.741907
0.741999
0.742041
0.742087
0.742099
0.742122
0.742128
0.74215
0.742167
0.742176
0.742239
0.742247
0.742278
0.742292
0.742293
0.742299
0.742316
0.74232
0.742344
0.742381
0.742398
0.742414
0.74242
0.742484
0.742518
0.74253
0.742538
0.742542
0.742611
0.742613
0.74263
0.742647
0.742664
0.742678
0.742687
0.742692
0.742723
0.742724
0.742735
0.742736
0.74275
0.742751
0.742752
0.742753
0.742758
0.742805
0.742821
0.742824
0.742828
0.742835
0.742843
0.742848
0.74285
0.742852
0.742857
0.742866
0.742872
0.742889
0.742907
0.742908
0.742923
0.742926
0.742933
0.742946
0.742957
0.742976
0.74298
0.742994
0.742995
0.743012
0.743034
0.74306
0.743064
0.743064
0.743066
0.743073
0.743077
0.74308
0.7431
0.743138
0.743148
0.74315
0.743177
0.743191
0.743199
0.743201
0.743205
0.743206
0.743207
0.743209
0.743212
0.743219
0.743239
0.743239
0.743262
0.743269
0.743277
0.743296
0.743303
0.743307
0.743308
0.743316
0.74332
0.74332
0.743322
0.74333
0.743331
0.743353
0.743361
0.743363
0.743375
0.743378
0.743384
0.743427
0.743429
0.743447
0.743463
0.743468
0.743469
0.743474
0.743474
0.743478
0.74348
0.74348
0.743492
0.7435
0.743507
0.743522
0.743524
0.743525
0.743526
0.743531
0.74354
0.743541
0.743543
0.74355
0.743554
0.743556
0.743575
0.743576
0.743595
0.743597
0.743601
0.743609
0.743611
0.743615
0.743619
0.743634
0.743635
0.743635
0.743642
0.743644
0.743652
0.743667
0.743675
0.743683
0.74369
0.743708
0.743708
0.743712
0.743713
0.743721
0.743728
0.743728
0.743733
0.743741
0.743744
0.743753
0.743762
0.743766
0.743766
0.743767
0.743773
0.743778
0.743778
0.743787
0.743797
0.743799
0.743806
0.743812
0.74382
0.743822
0.743825
0.74383
0.743838
0.743838
0.743841
0.743854
0.743859
0.743863
0.743869
0.743882
0.743883
0.743895
0.743904
0.743905
0.743906
0.743908
0.743918
0.743918
0.743919
0.743937
0.743938
0.743942
0.743945
0.743951
0.743958
0.743962
0.743976
0.743987
0.74399
0.74399
0.744006
0.744007
0.744034
0.744036
0.744036
0.744042
0.744043
0.744062
0.74407
0.744074
0.744077
0.74408
0.744084
0.744085
0.744085
0.744088
0.744092
0.744102
0.744106
0.744121
0.74413
0.744141
0.744146
0.744148
0.744152
0.744153
0.744156
0.744163
0.744164
0.744169
0.744173
0.744177
0.744177
0.744182
0.744198
0.744201
0.744207
0.744209
0.744216
0.744217
0.744222
0.744228
0.744243
0.744263
0.744263
0.744276
0.744276
0.744282
0.744285
0.744302
0.744303
0.744323
0.744331
0.744341
0.744351
0.744358
0.744359
0.744359
0.74436
0.744379
0.74438
0.744383
0.744388
0.744388
0.744396
0.7444
0.744402
0.744405
0.744408
0.74441
0.744416
0.744432
0.744436
0.74444
0.744443
0.744444
0.744464
0.74448
0.744484
0.744501
0.744509
0.744515
0.744517
0.744552
0.744569
0.744572
0.744584
0.744609
0.744613
0.744615
0.744619
0.744625
0.744632
0.744642
0.74465
0.744651
0.74466
0.744662
0.74467
0.744678
0.74469
0.744703
0.744716
0.744737
0.744781
0.744783
0.744795
0.744804
0.744836
0.744864
0.744885
0.744914
0.745088
0.622771
0.623234
0.623346
0.623414
0.623673
0.623821
0.623879
0.624188
0.624233
0.624249
0.624262
0.624314
0.624361
0.62438
0.624419
0.624421
0.62447
0.624512
0.624582
0.624698
0.624729
0.624732
0.624744
0.624826
0.624837
0.624866
0.625018
0.625022
0.62503
0.625144
0.625155
0.625199
0.625263
0.625285
0.625306
0.625318
0.625332
0.625356
0.625397
0.625617
0.625627
0.625652
0.625662
0.625701
0.625782
0.625789
0.625802
0.62583
0.625836
0.625842
0.62589
0.625913
0.625927
0.625936
0.625948
0.62595
0.62597
0.625986
0.625992
0.625993
0.626019
0.62603
0.626051
0.626062
0.626081
0.626082
0.62611
0.626135
0.626137
0.626139
0.62618
0.626188
0.626198
0.626221
0.626237
0.626241
0.626241
0.626246
0.626248
0.626248
0.626277
0.626286
0.626327
0.626345
0.626356
0.626371
0.626383
0.626393
0.626396
0.626407
0.626407
0.626408
0.626419
0.626429
0.626438
0.626441
0.626452
0.626453
0.626462
0.626471
0.626473
0.62648
0.626483
0.626493
0.626501
0.626503
0.626514
0.626536
0.626569
0.626575
0.626577
0.626578
0.626599
0.626599
0.626613
0.62663
0.626631
0.626638
0.626641
0.626647
0.626667
0.626684
0.626686
0.626697
0.626698
0.626702
0.626727
0.626742
0.626747
0.626749
0.626757
0.626762
0.626767
0.626797
0.626819
0.626832
0.626838
0.626847
0.626849
0.626889
0.626893
0.626911
0.626924
0.626934
0.626935
0.626964
0.62697
0.626973
0.626974
0.626975
0.626984
0.626986
0.627015
0.627021
0.627024
0.627024
0.627042
0.627047
0.627058
0.627058
0.627071
0.627081
0.627084
0.627163
0.627169
0.627177
0.627179
0.627197
0.627211
0.627214
0.627217
0.627227
0.627229
0.627229
0.627232
0.627234
0.62724
0.627258
0.627279
0.627303
0.627314
0.627319
0.627357
0.627359
0.627378
0.627378
0.627379
0.627387
0.627399
0.627403
0.627414
0.62742
0.627421
0.627428
0.627433
0.627487
0.627507
0.62751
0.62751
0.627516
0.627521
0.627521
0.627541
0.627544
0.627568
0.62757
0.62759
0.627594
0.627625
0.627626
0.627644
0.627649
0.627653
0.627656
0.627672
0.627675
0.627681
0.627694
0.627694
0.627695
0.627698
0.627704
0.627704
0.627714
0.627719
0.627735
0.62775
0.627751
0.627758
0.627762
0.627762
0.627776
0.627782
0.627786
0.62782
0.62782
0.627823
0.627825
0.627836
0.627847
0.627852
0.627855
0.627862
0.627864
0.627865
0.627873
0.627878
0.627881
0.627896
0.627896
0.627898
0.627914
0.627927
0.627938
0.627939
0.627949
0.627954
0.62797
0.627995
0.628011
0.628011
0.628021
0.628022
0.628026
0.628042
0.628052
0.628066
0.628067
0.628071
0.628088
0.628089
0.628094
0.628103
0.628108
0.628116
0.628162
0.628163
0.628184
0.62819
0.628198
0.628201
0.628209
0.628222
0.628225
0.628226
0.628227
0.628231
0.628237
0.628259
0.62826
0.62827
0.628271
0.628293
0.6283
0.628364
0.628364
0.628374
0.628375
0.628384
0.628426
0.62843
0.628447
0.628488
0.628524
0.628528
0.628533
0.628546
0.628611
0.628624
0.628647
0.62866
0.628677
0.628684
0.628704
0.628759
0.628785
0.628827
0.62887
0.628873
0.628955
0.628986
0.628991
0.629073
0.629081
0.629127
0.629216
0.629298
0.687222
0.687862
0.687897
0.687916
0.687941
0.687994
0.687999
0.688026
0.688036
0.688065
0.688104
0.688109
0.688173
0.688197
0.688215
0.688219
0.688236
0.688244
0.688323
0.688343
0.688467
0.688482
0.688489
0.688537
0.688555
0.688569
0.688582
0.688583
0.688613
0.688626
0.688637
0.688648
0.688663
0.688671
0.68868
0.688683
0.688685
0.688687
0.688688
0.688707
0.688723
0.688726
0.688767
0.688771
0.68878
0.68878
0.688788
0.688791
0.68881
0.688825
0.688843
0.688846
0.688871
0.688888
0.688895
0.688898
0.688909
0.688914
0.688918
0.688926
0.688934
0.688936
0.688943
0.688955
0.688991
0.689012
0.68902
0.689021
0.689031
0.689085
0.689088
0.689091
0.689113
0.689113
0.689129
0.689135
0.689136
0.689146
0.689167
0.689191
0.689215
0.689222
0.68923
0.689231
0.689262
0.689265
0.689273
0.689284
0.6893
0.689304
0.689308
0.689321
0.689334
0.689335
0.689346
0.689352
0.689355
0.68936
0.689364
0.689367
0.689368
0.689383
0.689383
0.68939
0.689395
0.689407
0.689409
0.689411
0.689421
0.689423
0.689425
0.689442
0.689444
0.689454
0.689465
0.689468
0.689474
0.689481
0.689482
0.689486
0.689486
0.689495
0.689501
0.689512
0.689523
0.689528
0.689531
0.689534
0.689534
0.689538
0.689538
0.689539
0.689545
0.689548
0.689559
0.68956
0.68956
0.689562
0.689582
0.689582
0.689603
0.689605
0.689633
0.689652
0.689653
0.689665
0.689669
0.689683
0.689692
0.689702
0.689704
0.689713
0.689715
0.689717
0.689728
0.689736
0.689736
0.689737
0.689751
0.689754
0.689757
0.689762
0.68977
0.689776
0.689778
0.689779
0.689781
0.689783
0.689787
0.689788
0.689793
0.689793
0.689795
0.6898
0.689801
0.689809
0.68981
0.689815
0.689821
0.689823
0.689825
0.689844
0.689848
0.689853
0.689863
0.689865
0.68987
0.689873
0.689879
0.68988
0.689881
0.689884
0.689887
0.689888
0.689891
0.689893
0.689895
0.689902
0.689905
0.689915
0.689917
0.689919
0.689923
0.689949
0.689958
0.689963
0.689972
0.689975
0.689991
0.689991
0.69
0.690008
0.69002
0.69003
0.690039
0.690042
0.690051
0.690052
0.690052
0.690057
0.69006
0.690062
0.690065
0.690065
0.690071
0.690071
0.690071
0.690077
0.690084
0.690085
0.690085
0.690088
0.690089
0.69009
0.690094
0.690097
0.690101
0.690107
0.690114
0.690116
0.690117
0.690118
0.690122
0.690123
0.690132
0.690136
0.690137
0.690151
0.690154
0.690155
0.690165
0.690169
0.690174
0.690176
0.690179
0.69018
0.690184
0.690185
0.6902
0.690203
0.690222
0.690229
0.690231
0.690238
0.690242
0.690247
0.690254
0.690256
0.69026
0.69026
0.690261
0.690263
0.690265
0.690272
0.690274
0.69029
0.69029
0.690299
0.690301
0.690303
0.690322
0.690324
0.690329
0.690335
0.690342
0.690352
0.690367
0.690372
0.690381
0.690382
0.69039
0.690396
0.690413
0.690427
0.690433
0.690437
0.690448
0.690475
0.690477
0.690477
0.690502
0.690519
0.690529
0.690553
0.690581
0.690583
0.690605
0.690607
0.690611
0.690625
0.690625
0.690628
0.69063
0.690637
0.690642
0.690654
0.69066
0.690662
0.690669
0.690673
0.690675
0.690681
0.69071
0.690712
0.690733
0.69077
0.690776
0.690831
0.690842
0.690844
0.690906
0.691044
0.740655
0.74078
0.740975
0.741209
0.741288
0.741373
0.741419
0.741444
0.741517
0.741553
0.741614
0.741628
0.741645
0.741702
0.741771
0.741804
0.741817
0.741909
0.741951
0.741998
0.74201
0.742033
0.742039
0.742061
0.742077
0.742087
0.742149
0.742158
0.742188
0.742202
0.742203
0.742209
0.742227
0.742231
0.742255
0.742292
0.742309
0.742325
0.742331
0.742395
0.742428
0.74244
0.742449
0.742452
0.742521
0.742524
0.742541
0.742557
0.742574
0.742589
0.742598
0.742602
0.742634
0.742634
0.742646
0.742647
0.742661
0.742662
0.742662
0.742664
0.742668
0.742715
0.742732
0.742735
0.742739
0.742745
0.742753
0.742759
0.742761
0.742763
0.742768
0.742777
0.742783
0.7428
0.742818
0.742818
0.742834
0.742836
0.742844
0.742857
0.742867
0.742887
0.742891
0.742904
0.742906
0.742922
0.742944
0.742971
0.742975
0.742975
0.742977
0.742984
0.742988
0.742991
0.743011
0.743049
0.743059
0.743061
0.743087
0.743102
0.74311
0.743112
0.743116
0.743117
0.743118
0.743119
0.743123
0.74313
0.74315
0.74315
0.743172
0.74318
0.743187
0.743207
0.743214
0.743218
0.743219
0.743226
0.743231
0.743231
0.743232
0.743241
0.743242
0.743264
0.743272
0.743274
0.743286
0.743289
0.743295
0.743338
0.74334
0.743357
0.743374
0.743379
0.74338
0.743385
0.743385
0.743389
0.743391
0.743391
0.743403
0.743411
0.743418
0.743433
0.743435
0.743436
0.743437
0.743442
0.743451
0.743452
0.743454
0.743461
0.743465
0.743467
0.743486
0.743487
0.743506
0.743508
0.743512
0.74352
0.743522
0.743525
0.74353
0.743545
0.743546
0.743546
0.743553
0.743555
0.743563
0.743578
0.743586
0.743594
0.743601
0.743619
0.743619
0.743623
0.743624
0.743631
0.743638
0.743639
0.743644
0.743652
0.743655
0.743664
0.743673
0.743676
0.743677
0.743678
0.743684
0.743689
0.743689
0.743698
0.743708
0.74371
0.743717
0.743723
0.743731
0.743733
0.743736
0.743741
0.743749
0.743749
0.743752
0.743765
0.74377
0.743774
0.74378
0.743793
0.743794
0.743806
0.743815
0.743816
0.743817
0.743819
0.743829
0.743829
0.74383
0.743848
0.743849
0.743853
0.743856
0.743862
0.743869
0.743873
0.743887
0.743899
0.743901
0.743901
0.743917
0.743918
0.743945
0.743947
0.743947
0.743953
0.743954
0.743973
0.743981
0.743985
0.743988
0.743991
0.743995
0.743996
0.743996
0.743999
0.744003
0.744013
0.744017
0.744032
0.744041
0.744052
0.744057
0.744059
0.744063
0.744064
0.744067
0.744074
0.744075
0.74408
0.744084
0.744088
0.744088
0.744093
0.744109
0.744112
0.744118
0.74412
0.744127
0.744128
0.744133
0.744139
0.744154
0.744174
0.744175
0.744187
0.744187
0.744193
0.744196
0.744213
0.744214
0.744234
0.744243
0.744252
0.744262
0.744269
0.74427
0.744271
0.744271
0.74429
0.744291
0.744294
0.744299
0.744299
0.744307
0.744311
0.744313
0.744316
0.744319
0.744321
0.744327
0.744343
0.744347
0.744351
0.744354
0.744355
0.744376
0.744392
0.744395
0.744413
0.74442
0.744426
0.744429
0.744463
0.74448
0.744483
0.744495
0.74452
0.744524
0.744527
0.74453
0.744537
0.744543
0.744553
0.744561
0.744563
0.744571
0.744573
0.744582
0.744589
0.744601
0.744614
0.744627
0.744648
0.744693
0.744694
0.744706
0.744716
0.744747
0.744775
0.744797
0.744826
0.744999
0.622402
0.622865
0.622977
0.623044
0.623304
0.623452
0.623509
0.623819
0.623864
0.62388
0.623893
0.623944
0.623992
0.62401
0.62405
0.624051
0.6241
0.624143
0.624212
0.624329
0.624359
0.624363
0.624374
0.624456
0.624467
0.624496
0.624648
0.624652
0.624661
0.624774
0.624785
0.624829
0.624894
0.624915
0.624936
0.624947
0.624962
0.624986
0.625027
0.625247
0.625257
0.625282
0.625292
0.625331
0.625412
0.625419
0.625433
0.62546
0.625467
0.625472
0.62552
0.625543
0.625557
0.625566
0.625578
0.62558
0.6256
0.625616
0.625622
0.625623
0.625649
0.625659
0.625681
0.625692
0.625711
0.625712
0.62574
0.625766
0.625767
0.625769
0.62581
0.625818
0.625828
0.625851
0.625867
0.625871
0.625871
0.625876
0.625878
0.625878
0.625907
0.625916
0.625957
0.625975
0.625986
0.626001
0.626013
0.626023
0.626026
0.626037
0.626037
0.626038
0.626049
0.626059
0.626068
0.626071
0.626082
0.626083
0.626093
0.626101
0.626103
0.62611
0.626113
0.626123
0.626131
0.626133
0.626144
0.626166
0.626198
0.626205
0.626207
0.626207
0.626229
0.626229
0.626244
0.626259
0.626261
0.626268
0.62627
0.626277
0.626297
0.626314
0.626316
0.626327
0.626328
0.626331
0.626357
0.626372
0.626377
0.626379
0.626387
0.626392
0.626397
0.626427
0.626449
0.626462
0.626468
0.626477
0.626479
0.626519
0.626523
0.62654
0.626554
0.626564
0.626565
0.626594
0.6266
0.626603
0.626604
0.626605
0.626613
0.626615
0.626645
0.626651
0.626654
0.626654
0.626672
0.626677
0.626688
0.626688
0.626701
0.626711
0.626714
0.626793
0.626799
0.626807
0.626809
0.626827
0.626841
0.626843
0.626847
0.626856
0.626859
0.626859
0.626861
0.626863
0.62687
0.626888
0.626909
0.626933
0.626943
0.626949
0.626986
0.626989
0.627008
0.627008
0.627009
0.627017
0.627029
0.627032
0.627043
0.627049
0.627051
0.627058
0.627063
0.627117
0.627136
0.62714
0.62714
0.627146
0.62715
0.627151
0.627171
0.627174
0.627198
0.6272
0.62722
0.627224
0.627254
0.627256
0.627274
0.627279
0.627283
0.627286
0.627302
0.627305
0.627311
0.627323
0.627323
0.627324
0.627328
0.627334
0.627334
0.627344
0.627349
0.627365
0.627379
0.627381
0.627388
0.627391
0.627391
0.627405
0.627412
0.627416
0.62745
0.62745
0.627453
0.627455
0.627465
0.627477
0.627481
0.627484
0.627491
0.627494
0.627495
0.627503
0.627508
0.627511
0.627525
0.627526
0.627528
0.627544
0.627557
0.627567
0.627569
0.627578
0.627584
0.6276
0.627624
0.62764
0.627641
0.62765
0.627652
0.627656
0.627671
0.627682
0.627696
0.627697
0.6277
0.627717
0.627718
0.627724
0.627733
0.627737
0.627745
0.627792
0.627793
0.627814
0.627819
0.627828
0.62783
0.627838
0.627852
0.627854
0.627856
0.627857
0.62786
0.627866
0.627889
0.62789
0.6279
0.6279
0.627923
0.627929
0.627993
0.627994
0.628004
0.628004
0.628014
0.628055
0.62806
0.628076
0.628118
0.628153
0.628157
0.628163
0.628176
0.62824
0.628253
0.628277
0.628289
0.628307
0.628314
0.628334
0.628388
0.628415
0.628457
0.628499
0.628503
0.628585
0.628615
0.62862
0.628703
0.62871
0.628756
0.628846
0.628927
0.687041
0.68768
0.687715
0.687734
0.687759
0.687812
0.687817
0.687844
0.687854
0.687883
0.687922
0.687926
0.687991
0.688015
0.688033
0.688036
0.688054
0.688062
0.68814
0.68816
0.688284
0.688299
0.688306
0.688354
0.688372
0.688386
0.688399
0.6884
0.688431
0.688443
0.688454
0.688465
0.68848
0.688488
0.688497
0.6885
0.688502
0.688503
0.688505
0.688524
0.68854
0.688543
0.688584
0.688587
0.688596
0.688596
0.688604
0.688608
0.688627
0.688642
0.68866
0.688662
0.688688
0.688704
0.688712
0.688715
0.688726
0.68873
0.688734
0.688742
0.68875
0.688752
0.68876
0.688771
0.688807
0.688828
0.688836
0.688837
0.688847
0.688902
0.688905
0.688907
0.688929
0.688929
0.688945
0.688952
0.688953
0.688963
0.688984
0.689007
0.689031
0.689038
0.689046
0.689047
0.689078
0.689082
0.689089
0.6891
0.689116
0.68912
0.689124
0.689137
0.689149
0.689151
0.689162
0.689168
0.68917
0.689176
0.68918
0.689183
0.689185
0.689199
0.689199
0.689206
0.689211
0.689223
0.689225
0.689227
0.689237
0.689238
0.689241
0.689258
0.689259
0.68927
0.689281
0.689284
0.68929
0.689297
0.689298
0.689301
0.689302
0.689311
0.689317
0.689328
0.689339
0.689343
0.689347
0.68935
0.68935
0.689354
0.689354
0.689355
0.689361
0.689364
0.689375
0.689376
0.689376
0.689378
0.689398
0.689398
0.689418
0.68942
0.689448
0.689468
0.689468
0.689481
0.689485
0.689498
0.689508
0.689517
0.689519
0.689529
0.689531
0.689532
0.689544
0.689551
0.689551
0.689552
0.689567
0.689569
0.689573
0.689577
0.689586
0.689592
0.689593
0.689595
0.689596
0.689599
0.689603
0.689604
0.689608
0.689608
0.689611
0.689615
0.689616
0.689624
0.689625
0.68963
0.689636
0.689639
0.68964
0.689659
0.689664
0.689668
0.689679
0.68968
0.689685
0.689688
0.689694
0.689696
0.689696
0.689699
0.689702
0.689703
0.689707
0.689709
0.68971
0.689717
0.689721
0.68973
0.689733
0.689734
0.689739
0.689765
0.689773
0.689778
0.689787
0.68979
0.689807
0.689807
0.689815
0.689823
0.689835
0.689845
0.689854
0.689857
0.689866
0.689867
0.689868
0.689872
0.689875
0.689877
0.68988
0.689881
0.689886
0.689886
0.689886
0.689892
0.689899
0.6899
0.6899
0.689903
0.689904
0.689905
0.689909
0.689912
0.689916
0.689922
0.689929
0.689931
0.689932
0.689933
0.689937
0.689938
0.689947
0.689951
0.689952
0.689966
0.689969
0.68997
0.68998
0.689984
0.689989
0.689991
0.689994
0.689995
0.689999
0.69
0.690015
0.690018
0.690037
0.690044
0.690046
0.690053
0.690057
0.690062
0.690069
0.690071
0.690074
0.690074
0.690076
0.690078
0.69008
0.690087
0.690088
0.690104
0.690104
0.690114
0.690116
0.690118
0.690137
0.690139
0.690144
0.690149
0.690157
0.690167
0.690182
0.690187
0.690195
0.690196
0.690205
0.690211
0.690228
0.690241
0.690248
0.690252
0.690262
0.690289
0.690292
0.690292
0.690316
0.690334
0.690343
0.690368
0.690395
0.690397
0.690419
0.690421
0.690426
0.690439
0.690439
0.690442
0.690445
0.690451
0.690456
0.690469
0.690475
0.690476
0.690484
0.690488
0.690489
0.690495
0.690524
0.690526
0.690547
0.690584
0.69059
0.690645
0.690656
0.690659
0.69072
0.690858
0.740565
0.74069
0.740885
0.741119
0.741198
0.741283
0.741329
0.741354
0.741428
0.741463
0.741524
0.741538
0.741555
0.741612
0.741681
0.741714
0.741727
0.74182
0.741862
0.741908
0.74192
0.741943
0.741949
0.741971
0.741987
0.741997
0.74206
0.742068
0.742099
0.742113
0.742114
0.74212
0.742137
0.742141
0.742165
0.742202
0.742219
0.742235
0.742241
0.742305
0.742339
0.742351
0.742359
0.742363
0.742432
0.742435
0.742451
0.742468
0.742485
0.7425
0.742509
0.742513
0.742544
0.742545
0.742557
0.742557
0.742571
0.742572
0.742573
0.742574
0.742579
0.742626
0.742642
0.742645
0.74265
0.742656
0.742664
0.742669
0.742671
0.742673
0.742678
0.742687
0.742694
0.74271
0.742729
0.742729
0.742744
0.742747
0.742754
0.742767
0.742778
0.742798
0.742801
0.742815
0.742816
0.742833
0.742855
0.742881
0.742885
0.742886
0.742887
0.742895
0.742898
0.742902
0.742921
0.74296
0.74297
0.742972
0.742998
0.743013
0.743021
0.743022
0.743026
0.743027
0.743028
0.74303
0.743034
0.74304
0.743061
0.743061
0.743083
0.743091
0.743098
0.743117
0.743125
0.743128
0.74313
0.743137
0.743141
0.743142
0.743143
0.743151
0.743153
0.743174
0.743183
0.743185
0.743197
0.7432
0.743206
0.743248
0.743251
0.743268
0.743285
0.74329
0.74329
0.743295
0.743296
0.7433
0.743302
0.743302
0.743314
0.743322
0.743329
0.743344
0.743345
0.743346
0.743347
0.743353
0.743362
0.743363
0.743365
0.743372
0.743376
0.743378
0.743396
0.743398
0.743417
0.743418
0.743423
0.743431
0.743432
0.743436
0.74344
0.743456
0.743456
0.743457
0.743464
0.743466
0.743474
0.743488
0.743497
0.743505
0.743511
0.74353
0.74353
0.743534
0.743535
0.743542
0.743549
0.74355
0.743555
0.743562
0.743566
0.743575
0.743584
0.743587
0.743588
0.743589
0.743594
0.7436
0.7436
0.743609
0.743619
0.743621
0.743627
0.743634
0.743641
0.743644
0.743647
0.743652
0.74366
0.74366
0.743663
0.743676
0.743681
0.743685
0.743691
0.743704
0.743705
0.743717
0.743726
0.743727
0.743728
0.743729
0.743739
0.74374
0.743741
0.743759
0.74376
0.743764
0.743767
0.743773
0.74378
0.743784
0.743798
0.74381
0.743812
0.743812
0.743828
0.743829
0.743856
0.743857
0.743858
0.743864
0.743865
0.743884
0.743892
0.743896
0.743899
0.743902
0.743906
0.743907
0.743907
0.74391
0.743914
0.743924
0.743928
0.743943
0.743952
0.743963
0.743968
0.74397
0.743974
0.743975
0.743978
0.743985
0.743986
0.743991
0.743995
0.743999
0.743999
0.744004
0.74402
0.744023
0.744029
0.744031
0.744038
0.744039
0.744044
0.74405
0.744065
0.744085
0.744085
0.744098
0.744098
0.744104
0.744107
0.744124
0.744125
0.744145
0.744154
0.744163
0.744173
0.74418
0.744181
0.744182
0.744182
0.744201
0.744202
0.744205
0.74421
0.74421
0.744218
0.744222
0.744224
0.744227
0.74423
0.744232
0.744238
0.744254
0.744258
0.744262
0.744265
0.744266
0.744286
0.744303
0.744306
0.744324
0.744331
0.744337
0.74434
0.744374
0.744391
0.744394
0.744406
0.744431
0.744435
0.744438
0.744442
0.744448
0.744454
0.744464
0.744472
0.744474
0.744482
0.744484
0.744493
0.7445
0.744512
0.744525
0.744538
0.74456
0.744604
0.744606
0.744618
0.744627
0.744658
0.744687
0.744708
0.744737
0.744911
0.622033
0.622495
0.622607
0.622674
0.622934
0.623082
0.623139
0.623449
0.623494
0.62351
0.623523
0.623574
0.623621
0.62364
0.623679
0.623681
0.62373
0.623772
0.623842
0.623958
0.623989
0.623993
0.624004
0.624086
0.624097
0.624125
0.624278
0.624282
0.62429
0.624404
0.624415
0.624459
0.624523
0.624545
0.624566
0.624577
0.624591
0.624616
0.624657
0.624876
0.624887
0.624911
0.624922
0.62496
0.625042
0.625049
0.625062
0.625089
0.625096
0.625101
0.625149
0.625172
0.625187
0.625196
0.625208
0.625209
0.62523
0.625245
0.625251
0.625252
0.625279
0.625289
0.625311
0.625322
0.625341
0.625341
0.625369
0.625395
0.625397
0.625398
0.625439
0.625447
0.625458
0.625481
0.625496
0.6255
0.6255
0.625506
0.625508
0.625508
0.625536
0.625545
0.625586
0.625604
0.625615
0.62563
0.625643
0.625652
0.625655
0.625666
0.625667
0.625668
0.625678
0.625688
0.625698
0.6257
0.625712
0.625712
0.625722
0.62573
0.625733
0.625739
0.625742
0.625753
0.62576
0.625762
0.625774
0.625795
0.625828
0.625834
0.625836
0.625837
0.625858
0.625858
0.625873
0.625888
0.625891
0.625897
0.6259
0.625906
0.625926
0.625943
0.625945
0.625956
0.625957
0.62596
0.625987
0.626001
0.626006
0.626008
0.626016
0.626021
0.626026
0.626056
0.626078
0.626092
0.626097
0.626106
0.626108
0.626148
0.626152
0.62617
0.626183
0.626194
0.626194
0.626224
0.626229
0.626233
0.626234
0.626234
0.626242
0.626244
0.626274
0.62628
0.626283
0.626283
0.626302
0.626306
0.626317
0.626317
0.62633
0.62634
0.626343
0.626422
0.626428
0.626436
0.626439
0.626455
0.62647
0.626472
0.626476
0.626486
0.626488
0.626488
0.62649
0.626492
0.626499
0.626518
0.626539
0.626562
0.626572
0.626578
0.626615
0.626618
0.626637
0.626637
0.626639
0.626646
0.626658
0.626662
0.626672
0.626678
0.626681
0.626686
0.626692
0.626746
0.626765
0.626769
0.62677
0.626775
0.626779
0.62678
0.6268
0.626803
0.626828
0.626829
0.626849
0.626853
0.626884
0.626885
0.626903
0.626908
0.626912
0.626915
0.626932
0.626934
0.62694
0.626952
0.626952
0.626953
0.626956
0.626963
0.626963
0.626973
0.626978
0.626994
0.627009
0.62701
0.627017
0.62702
0.627021
0.627034
0.627041
0.627045
0.627079
0.627079
0.627082
0.627084
0.627094
0.627106
0.627111
0.627113
0.627121
0.627123
0.627123
0.627132
0.627137
0.62714
0.627154
0.627154
0.627157
0.627173
0.627186
0.627196
0.627197
0.627208
0.627213
0.627228
0.627253
0.62727
0.62727
0.62728
0.627281
0.627285
0.6273
0.627311
0.627324
0.627326
0.627329
0.627346
0.627347
0.627352
0.627362
0.627366
0.627375
0.627421
0.627422
0.627443
0.627448
0.627457
0.627459
0.627467
0.627481
0.627483
0.627485
0.627486
0.627489
0.627495
0.627518
0.627519
0.627529
0.627529
0.627552
0.627558
0.627622
0.627623
0.627633
0.627633
0.627643
0.627684
0.627689
0.627705
0.627747
0.627783
0.627786
0.627792
0.627804
0.627869
0.627882
0.627906
0.627918
0.627936
0.627943
0.627963
0.628017
0.628044
0.628086
0.628128
0.628132
0.628214
0.628244
0.628249
0.628332
0.628339
0.628385
0.628475
0.628556
0.68686
0.687498
0.687533
0.687552
0.687577
0.68763
0.687635
0.687662
0.687671
0.687701
0.687739
0.687744
0.687809
0.687832
0.687851
0.687854
0.687871
0.687879
0.687958
0.687978
0.688102
0.688117
0.688123
0.688171
0.688189
0.688203
0.688216
0.688217
0.688248
0.68826
0.688271
0.688282
0.688297
0.688305
0.688314
0.688317
0.688319
0.68832
0.688322
0.688341
0.688357
0.68836
0.6884
0.688404
0.688413
0.688413
0.688421
0.688425
0.688444
0.688459
0.688477
0.688479
0.688504
0.688521
0.688529
0.688531
0.688543
0.688547
0.688551
0.688559
0.688567
0.688569
0.688576
0.688588
0.688624
0.688645
0.688653
0.688654
0.688663
0.688718
0.688721
0.688723
0.688745
0.688746
0.688761
0.688768
0.688769
0.688779
0.6888
0.688823
0.688847
0.688855
0.688862
0.688863
0.688894
0.688898
0.688905
0.688916
0.688933
0.688936
0.68894
0.688953
0.688965
0.688967
0.688978
0.688984
0.688987
0.688992
0.688996
0.688999
0.689001
0.689015
0.689016
0.689022
0.689027
0.689039
0.689041
0.689043
0.689053
0.689054
0.689057
0.689074
0.689075
0.689086
0.689097
0.6891
0.689106
0.689113
0.689114
0.689117
0.689118
0.689127
0.689133
0.689143
0.689155
0.689159
0.689163
0.689166
0.689166
0.68917
0.68917
0.689171
0.689177
0.68918
0.689191
0.689191
0.689192
0.689194
0.689214
0.689214
0.689234
0.689236
0.689264
0.689284
0.689284
0.689297
0.689301
0.689314
0.689324
0.689333
0.689335
0.689344
0.689346
0.689348
0.689359
0.689367
0.689367
0.689368
0.689382
0.689384
0.689388
0.689393
0.689401
0.689407
0.689409
0.68941
0.689411
0.689414
0.689418
0.689419
0.689424
0.689424
0.689426
0.689431
0.689432
0.68944
0.689441
0.689446
0.689451
0.689454
0.689456
0.689474
0.689479
0.689484
0.689494
0.689495
0.6895
0.689503
0.68951
0.689511
0.689512
0.689515
0.689518
0.689518
0.689522
0.689524
0.689526
0.689533
0.689536
0.689546
0.689548
0.689549
0.689554
0.68958
0.689588
0.689594
0.689602
0.689605
0.689622
0.689622
0.689631
0.689638
0.68965
0.689661
0.689669
0.689672
0.689681
0.689683
0.689683
0.689687
0.68969
0.689693
0.689695
0.689696
0.689701
0.689702
0.689702
0.689707
0.689715
0.689715
0.689716
0.689718
0.689719
0.68972
0.689724
0.689727
0.689731
0.689738
0.689744
0.689746
0.689747
0.689748
0.689752
0.689754
0.689763
0.689766
0.689767
0.689782
0.689784
0.689785
0.689796
0.689799
0.689804
0.689806
0.689809
0.68981
0.689814
0.689815
0.68983
0.689833
0.689852
0.689859
0.689861
0.689868
0.689872
0.689877
0.689884
0.689885
0.689889
0.689889
0.689891
0.689892
0.689895
0.689902
0.689903
0.689919
0.689919
0.689929
0.689931
0.689933
0.689952
0.689954
0.689959
0.689964
0.689972
0.689981
0.689997
0.690001
0.69001
0.690011
0.69002
0.690025
0.690043
0.690056
0.690063
0.690067
0.690077
0.690104
0.690107
0.690107
0.690131
0.690149
0.690158
0.690183
0.690209
0.690212
0.690234
0.690236
0.69024
0.690254
0.690254
0.690257
0.690259
0.690266
0.690271
0.690283
0.690289
0.69029
0.690298
0.690302
0.690304
0.69031
0.690339
0.69034
0.690361
0.690399
0.690404
0.690459
0.69047
0.690473
0.690534
0.690672
0.740475
0.7406
0.740795
0.741029
0.741108
0.741193
0.741239
0.741265
0.741338
0.741373
0.741434
0.741448
0.741465
0.741522
0.741591
0.741624
0.741638
0.74173
0.741772
0.741818
0.74183
0.741854
0.741859
0.741881
0.741897
0.741907
0.74197
0.741979
0.742009
0.742023
0.742024
0.74203
0.742048
0.742051
0.742076
0.742112
0.74213
0.742145
0.742152
0.742216
0.742249
0.742261
0.742269
0.742273
0.742342
0.742345
0.742362
0.742378
0.742395
0.74241
0.742419
0.742423
0.742455
0.742455
0.742467
0.742468
0.742481
0.742483
0.742483
0.742485
0.742489
0.742536
0.742552
0.742556
0.74256
0.742566
0.742574
0.74258
0.742581
0.742584
0.742589
0.742598
0.742604
0.742621
0.742639
0.742639
0.742655
0.742657
0.742665
0.742678
0.742688
0.742708
0.742712
0.742725
0.742727
0.742743
0.742766
0.742792
0.742796
0.742796
0.742798
0.742805
0.742809
0.742812
0.742832
0.74287
0.74288
0.742882
0.742908
0.742923
0.742931
0.742933
0.742937
0.742938
0.742939
0.74294
0.742944
0.742951
0.742971
0.742971
0.742994
0.743002
0.743009
0.743028
0.743035
0.743039
0.74304
0.743048
0.743052
0.743053
0.743054
0.743062
0.743063
0.743085
0.743094
0.743095
0.743107
0.74311
0.743117
0.743159
0.743161
0.743179
0.743195
0.7432
0.743201
0.743206
0.743206
0.743211
0.743212
0.743213
0.743224
0.743232
0.743239
0.743254
0.743256
0.743257
0.743258
0.743264
0.743272
0.743273
0.743276
0.743282
0.743286
0.743288
0.743307
0.743309
0.743328
0.743329
0.743334
0.743342
0.743343
0.743347
0.743351
0.743366
0.743367
0.743367
0.743375
0.743376
0.743385
0.743399
0.743408
0.743415
0.743422
0.743441
0.743441
0.743444
0.743446
0.743453
0.74346
0.743461
0.743465
0.743473
0.743477
0.743485
0.743495
0.743498
0.743499
0.743499
0.743505
0.74351
0.743511
0.743519
0.743529
0.743532
0.743538
0.743545
0.743552
0.743555
0.743557
0.743563
0.743571
0.743571
0.743574
0.743586
0.743592
0.743595
0.743601
0.743615
0.743616
0.743628
0.743637
0.743638
0.743638
0.74364
0.74365
0.74365
0.743651
0.743669
0.743671
0.743675
0.743678
0.743683
0.743691
0.743695
0.743709
0.74372
0.743723
0.743723
0.743738
0.74374
0.743766
0.743768
0.743768
0.743775
0.743776
0.743795
0.743802
0.743807
0.743809
0.743812
0.743817
0.743818
0.743818
0.743821
0.743825
0.743835
0.743839
0.743853
0.743863
0.743874
0.743879
0.743881
0.743885
0.743886
0.743889
0.743895
0.743897
0.743902
0.743906
0.74391
0.74391
0.743915
0.743931
0.743934
0.74394
0.743942
0.743948
0.74395
0.743955
0.743961
0.743976
0.743996
0.743996
0.744009
0.744009
0.744015
0.744018
0.744035
0.744036
0.744055
0.744065
0.744074
0.744084
0.744091
0.744092
0.744092
0.744093
0.744112
0.744113
0.744116
0.744121
0.744121
0.744129
0.744133
0.744135
0.744138
0.744141
0.744143
0.744149
0.744165
0.744169
0.744173
0.744176
0.744177
0.744197
0.744213
0.744217
0.744234
0.744242
0.744248
0.744251
0.744285
0.744302
0.744305
0.744317
0.744342
0.744346
0.744348
0.744352
0.744358
0.744365
0.744375
0.744383
0.744385
0.744393
0.744395
0.744404
0.744411
0.744423
0.744436
0.744449
0.74447
0.744515
0.744517
0.744529
0.744538
0.744569
0.744598
0.744619
0.744648
0.744822
0.621663
0.622125
0.622237
0.622304
0.622564
0.622712
0.622769
0.623079
0.623124
0.623139
0.623152
0.623203
0.623251
0.62327
0.623309
0.62331
0.623359
0.623402
0.623472
0.623587
0.623618
0.623622
0.623633
0.623715
0.623726
0.623754
0.623908
0.623911
0.62392
0.624033
0.624044
0.624089
0.624153
0.624174
0.624196
0.624206
0.62422
0.624245
0.624286
0.624506
0.624516
0.62454
0.624551
0.624589
0.624671
0.624678
0.624692
0.624718
0.624725
0.62473
0.624778
0.624801
0.624815
0.624826
0.624837
0.624838
0.624859
0.624874
0.62488
0.624881
0.624908
0.624918
0.62494
0.624951
0.62497
0.62497
0.624998
0.625025
0.625026
0.625027
0.625069
0.625076
0.625087
0.62511
0.625126
0.625129
0.625129
0.625135
0.625136
0.625137
0.625165
0.625174
0.625215
0.625232
0.625244
0.625259
0.625272
0.625281
0.625284
0.625295
0.625296
0.625296
0.625307
0.625317
0.625327
0.625329
0.625341
0.625341
0.625351
0.625359
0.625362
0.625368
0.625371
0.625382
0.625389
0.625391
0.625403
0.625424
0.625456
0.625463
0.625465
0.625465
0.625487
0.625488
0.625502
0.625517
0.62552
0.625526
0.625528
0.625535
0.625554
0.625572
0.625574
0.625584
0.625585
0.625589
0.625616
0.62563
0.625635
0.625637
0.625645
0.62565
0.625655
0.625685
0.625707
0.625721
0.625726
0.625735
0.625737
0.625777
0.625781
0.625799
0.625812
0.625822
0.625822
0.625853
0.625858
0.625862
0.625863
0.625863
0.625871
0.625873
0.625903
0.625909
0.625912
0.625912
0.62593
0.625935
0.625945
0.625946
0.625958
0.625969
0.625972
0.62605
0.626057
0.626065
0.626068
0.626084
0.626099
0.626101
0.626104
0.626115
0.626116
0.626117
0.626118
0.626121
0.626128
0.626146
0.626167
0.626191
0.6262
0.626207
0.626244
0.626247
0.626265
0.626266
0.626268
0.626274
0.626286
0.62629
0.626301
0.626307
0.626309
0.626315
0.626321
0.626375
0.626394
0.626398
0.626399
0.626404
0.626407
0.626409
0.626429
0.626432
0.626456
0.626457
0.626477
0.626482
0.626513
0.626513
0.626532
0.626537
0.626541
0.626543
0.62656
0.626563
0.626568
0.62658
0.626581
0.626582
0.626585
0.626591
0.626591
0.626601
0.626607
0.626623
0.626637
0.626638
0.626646
0.626649
0.626649
0.626663
0.62667
0.626674
0.626707
0.626708
0.626711
0.626712
0.626723
0.626735
0.626739
0.626742
0.626749
0.626752
0.626752
0.626761
0.626766
0.626768
0.626783
0.626783
0.626786
0.626801
0.626815
0.626825
0.626826
0.626836
0.626842
0.626857
0.626881
0.626898
0.626898
0.626908
0.626909
0.626914
0.626929
0.626939
0.626953
0.626954
0.626957
0.626975
0.626975
0.626981
0.62699
0.626994
0.627003
0.627049
0.627051
0.627072
0.627077
0.627085
0.627088
0.627096
0.62711
0.627112
0.627113
0.627115
0.627117
0.627124
0.627146
0.627148
0.627157
0.627158
0.627181
0.627186
0.627251
0.627251
0.627261
0.627262
0.627271
0.627313
0.627317
0.627333
0.627375
0.627411
0.627414
0.627421
0.627433
0.627497
0.627511
0.627534
0.627546
0.627564
0.627571
0.627592
0.627646
0.627673
0.627714
0.627757
0.627761
0.627842
0.627872
0.627878
0.62796
0.627968
0.628013
0.628103
0.628185
0.686679
0.687316
0.687351
0.68737
0.687395
0.687448
0.687453
0.68748
0.687489
0.687519
0.687557
0.687562
0.687626
0.68765
0.687668
0.687671
0.687689
0.687697
0.687775
0.687795
0.687919
0.687934
0.68794
0.687988
0.688006
0.68802
0.688033
0.688034
0.688065
0.688077
0.688088
0.688099
0.688114
0.688122
0.688131
0.688134
0.688136
0.688137
0.688139
0.688158
0.688174
0.688177
0.688217
0.688221
0.68823
0.68823
0.688238
0.688242
0.688261
0.688276
0.688293
0.688296
0.688321
0.688338
0.688346
0.688348
0.688359
0.688364
0.688368
0.688375
0.688384
0.688385
0.688393
0.688404
0.68844
0.688462
0.688469
0.688471
0.68848
0.688535
0.688538
0.68854
0.688562
0.688562
0.688578
0.688584
0.688586
0.688595
0.688616
0.68864
0.688664
0.688671
0.688678
0.688679
0.688711
0.688714
0.688722
0.688733
0.688749
0.688752
0.688756
0.688769
0.688782
0.688783
0.688794
0.6888
0.688803
0.688808
0.688812
0.688816
0.688817
0.688831
0.688832
0.688838
0.688843
0.688855
0.688857
0.688859
0.688869
0.688871
0.688873
0.68889
0.688891
0.688902
0.688913
0.688916
0.688922
0.688929
0.68893
0.688933
0.688934
0.688943
0.688949
0.688959
0.688971
0.688975
0.688979
0.688981
0.688982
0.688986
0.688986
0.688987
0.688993
0.688996
0.689006
0.689007
0.689008
0.68901
0.68903
0.68903
0.68905
0.689052
0.68908
0.689099
0.6891
0.689112
0.689116
0.68913
0.68914
0.689149
0.689151
0.68916
0.689162
0.689163
0.689175
0.689182
0.689183
0.689183
0.689198
0.6892
0.689204
0.689209
0.689217
0.689223
0.689224
0.689226
0.689227
0.68923
0.689234
0.689235
0.689239
0.689239
0.689242
0.689246
0.689247
0.689256
0.689257
0.689261
0.689267
0.68927
0.689271
0.68929
0.689295
0.689299
0.68931
0.689311
0.689316
0.689319
0.689325
0.689327
0.689327
0.68933
0.689333
0.689333
0.689337
0.68934
0.689341
0.689348
0.689351
0.689361
0.689364
0.689365
0.689369
0.689395
0.689404
0.689409
0.689418
0.689421
0.689437
0.689437
0.689446
0.689454
0.689466
0.689476
0.689485
0.689487
0.689496
0.689498
0.689498
0.689503
0.689505
0.689508
0.689511
0.689511
0.689516
0.689517
0.689517
0.689522
0.68953
0.68953
0.689531
0.689533
0.689534
0.689536
0.689539
0.689542
0.689546
0.689553
0.689559
0.689561
0.689563
0.689564
0.689567
0.689569
0.689578
0.689581
0.689582
0.689597
0.689599
0.6896
0.689611
0.689614
0.689619
0.689621
0.689624
0.689625
0.689629
0.68963
0.689645
0.689648
0.689667
0.689674
0.689676
0.689683
0.689687
0.689692
0.689699
0.6897
0.689704
0.689704
0.689706
0.689707
0.68971
0.689717
0.689718
0.689734
0.689735
0.689744
0.689746
0.689748
0.689767
0.689769
0.689774
0.689779
0.689787
0.689796
0.689812
0.689816
0.689825
0.689826
0.689835
0.68984
0.689857
0.689871
0.689877
0.689881
0.689892
0.689919
0.689921
0.689921
0.689946
0.689963
0.689973
0.689997
0.690024
0.690026
0.690048
0.69005
0.690055
0.690068
0.690068
0.690071
0.690074
0.69008
0.690085
0.690098
0.690104
0.690105
0.690113
0.690117
0.690118
0.690124
0.690153
0.690155
0.690176
0.690213
0.690219
0.690274
0.690284
0.690287
0.690349
0.690486
0.740385
0.74051
0.740705
0.740939
0.741018
0.741103
0.741149
0.741174
0.741248
0.741283
0.741344
0.741358
0.741375
0.741432
0.741502
0.741534
0.741548
0.74164
0.741682
0.741729
0.741741
0.741764
0.741769
0.741791
0.741807
0.741817
0.74188
0.741889
0.741919
0.741933
0.741934
0.74194
0.741958
0.741962
0.741986
0.742022
0.74204
0.742055
0.742062
0.742126
0.742159
0.742171
0.74218
0.742183
0.742253
0.742255
0.742272
0.742288
0.742305
0.74232
0.742329
0.742334
0.742365
0.742365
0.742377
0.742378
0.742392
0.742393
0.742394
0.742395
0.7424
0.742446
0.742463
0.742466
0.74247
0.742476
0.742485
0.74249
0.742492
0.742494
0.742499
0.742508
0.742514
0.742531
0.742549
0.74255
0.742565
0.742568
0.742575
0.742588
0.742599
0.742618
0.742622
0.742636
0.742637
0.742654
0.742676
0.742702
0.742706
0.742707
0.742708
0.742716
0.742719
0.742722
0.742742
0.74278
0.742791
0.742792
0.742819
0.742834
0.742842
0.742843
0.742847
0.742848
0.742849
0.742851
0.742855
0.742861
0.742882
0.742882
0.742904
0.742912
0.742919
0.742938
0.742946
0.742949
0.74295
0.742958
0.742962
0.742963
0.742964
0.742972
0.742974
0.742995
0.743004
0.743006
0.743018
0.743021
0.743027
0.743069
0.743072
0.743089
0.743106
0.743111
0.743112
0.743116
0.743117
0.743121
0.743123
0.743123
0.743134
0.743143
0.74315
0.743165
0.743167
0.743167
0.743168
0.743174
0.743183
0.743184
0.743186
0.743193
0.743197
0.743199
0.743217
0.743219
0.743238
0.743239
0.743244
0.743252
0.743254
0.743257
0.743262
0.743277
0.743278
0.743278
0.743285
0.743287
0.743295
0.743309
0.743318
0.743326
0.743333
0.743351
0.743351
0.743355
0.743356
0.743363
0.74337
0.743371
0.743376
0.743384
0.743387
0.743396
0.743405
0.743408
0.743409
0.74341
0.743416
0.743421
0.743421
0.74343
0.74344
0.743442
0.743449
0.743455
0.743463
0.743465
0.743468
0.743473
0.743481
0.743481
0.743484
0.743497
0.743502
0.743506
0.743512
0.743525
0.743526
0.743538
0.743547
0.743548
0.743549
0.743551
0.743561
0.743561
0.743562
0.74358
0.743581
0.743585
0.743588
0.743594
0.743601
0.743606
0.743619
0.743631
0.743633
0.743634
0.743649
0.74365
0.743677
0.743679
0.743679
0.743685
0.743686
0.743706
0.743713
0.743718
0.74372
0.743723
0.743727
0.743728
0.743729
0.743731
0.743736
0.743745
0.74375
0.743764
0.743774
0.743785
0.743789
0.743791
0.743795
0.743796
0.743799
0.743806
0.743807
0.743813
0.743816
0.74382
0.743821
0.743825
0.743841
0.743844
0.74385
0.743853
0.743859
0.74386
0.743866
0.743872
0.743886
0.743907
0.743907
0.743919
0.743919
0.743925
0.743929
0.743946
0.743947
0.743966
0.743975
0.743984
0.743994
0.744001
0.744003
0.744003
0.744004
0.744023
0.744024
0.744027
0.744031
0.744031
0.74404
0.744044
0.744046
0.744049
0.744052
0.744053
0.744059
0.744075
0.74408
0.744084
0.744087
0.744087
0.744108
0.744124
0.744128
0.744145
0.744152
0.744159
0.744161
0.744196
0.744213
0.744216
0.744228
0.744253
0.744257
0.744259
0.744263
0.744269
0.744276
0.744286
0.744294
0.744295
0.744304
0.744305
0.744314
0.744322
0.744334
0.744347
0.74436
0.744381
0.744426
0.744427
0.74444
0.744448
0.74448
0.744509
0.74453
0.744559
0.744733
0.621292
0.621754
0.621866
0.621933
0.622193
0.622341
0.622398
0.622708
0.622753
0.622768
0.622781
0.622832
0.622879
0.622899
0.622938
0.622939
0.622987
0.623031
0.623101
0.623216
0.623247
0.623251
0.623262
0.623344
0.623355
0.623383
0.623536
0.62354
0.623548
0.623661
0.623673
0.623718
0.623782
0.623803
0.623825
0.623834
0.623849
0.623873
0.623914
0.624134
0.624144
0.624169
0.62418
0.624218
0.6243
0.624306
0.62432
0.624346
0.624354
0.624359
0.624407
0.62443
0.624444
0.624454
0.624466
0.624467
0.624488
0.624502
0.624509
0.62451
0.624536
0.624546
0.624569
0.62458
0.624598
0.624598
0.624627
0.624653
0.624655
0.624656
0.624697
0.624704
0.624715
0.624739
0.624754
0.624757
0.624758
0.624763
0.624765
0.624765
0.624793
0.624802
0.624843
0.624861
0.624872
0.624887
0.6249
0.624909
0.624912
0.624924
0.624924
0.624925
0.624935
0.624946
0.624955
0.624957
0.624969
0.62497
0.62498
0.624988
0.62499
0.624996
0.624999
0.62501
0.625017
0.625019
0.625031
0.625053
0.625085
0.625091
0.625093
0.625093
0.625115
0.625116
0.625131
0.625145
0.625149
0.625154
0.625157
0.625163
0.625183
0.6252
0.625202
0.625213
0.625213
0.625217
0.625244
0.625258
0.625264
0.625265
0.625273
0.625279
0.625283
0.625313
0.625335
0.625349
0.625355
0.625364
0.625365
0.625405
0.62541
0.625427
0.625441
0.62545
0.625451
0.625481
0.625487
0.62549
0.625491
0.625491
0.625499
0.625501
0.625531
0.625537
0.62554
0.62554
0.625559
0.625564
0.625573
0.625574
0.625586
0.625597
0.6256
0.625678
0.625685
0.625694
0.625696
0.625712
0.625727
0.625729
0.625732
0.625743
0.625744
0.625745
0.625746
0.625749
0.625756
0.625775
0.625796
0.62582
0.625828
0.625835
0.625872
0.625875
0.625893
0.625894
0.625896
0.625902
0.625915
0.625918
0.625929
0.625935
0.625938
0.625943
0.625949
0.626003
0.626022
0.626026
0.626027
0.626033
0.626035
0.626037
0.626057
0.62606
0.626085
0.626085
0.626105
0.62611
0.626141
0.626141
0.62616
0.626165
0.626169
0.626171
0.626189
0.626191
0.626196
0.626208
0.626209
0.62621
0.626213
0.626219
0.62622
0.626229
0.626235
0.626251
0.626266
0.626266
0.626274
0.626277
0.626277
0.626291
0.626298
0.626302
0.626335
0.626336
0.626339
0.626341
0.626351
0.626363
0.626368
0.626369
0.626377
0.62638
0.62638
0.626389
0.626394
0.626396
0.626411
0.626411
0.626415
0.626429
0.626443
0.626453
0.626454
0.626464
0.62647
0.626484
0.626509
0.626526
0.626526
0.626536
0.626537
0.626542
0.626557
0.626567
0.62658
0.626582
0.626585
0.626603
0.626603
0.626608
0.626618
0.626622
0.626632
0.626677
0.626679
0.6267
0.626704
0.626713
0.626716
0.626723
0.626738
0.626739
0.626741
0.626743
0.626745
0.626751
0.626774
0.626776
0.626785
0.626786
0.62681
0.626814
0.626879
0.626879
0.626889
0.62689
0.626899
0.626941
0.626945
0.62696
0.627003
0.627039
0.627042
0.627049
0.627061
0.627125
0.627139
0.627162
0.627174
0.627192
0.627199
0.62722
0.627274
0.627301
0.627342
0.627385
0.627389
0.62747
0.6275
0.627505
0.627588
0.627595
0.627641
0.627731
0.627813
0.686498
0.687134
0.687169
0.687188
0.687213
0.687266
0.687271
0.687298
0.687308
0.687336
0.687375
0.68738
0.687444
0.687468
0.687486
0.687489
0.687507
0.687514
0.687593
0.687613
0.687736
0.687751
0.687757
0.687805
0.687824
0.687838
0.68785
0.687852
0.687882
0.687894
0.687905
0.687916
0.687931
0.687939
0.687948
0.687951
0.687953
0.687955
0.687956
0.687975
0.687991
0.687994
0.688034
0.688038
0.688047
0.688047
0.688055
0.688058
0.688078
0.688092
0.68811
0.688113
0.688138
0.688155
0.688163
0.688165
0.688176
0.68818
0.688185
0.688192
0.688201
0.688202
0.68821
0.688221
0.688257
0.688278
0.688286
0.688287
0.688296
0.688351
0.688354
0.688356
0.688378
0.688379
0.688394
0.688401
0.688403
0.688412
0.688433
0.688456
0.68848
0.688488
0.688495
0.688496
0.688527
0.68853
0.688538
0.688549
0.688565
0.688569
0.688572
0.688585
0.688598
0.688599
0.688611
0.688617
0.688619
0.688624
0.688628
0.688632
0.688633
0.688647
0.688648
0.688654
0.688659
0.688671
0.688673
0.688675
0.688685
0.688687
0.688689
0.688706
0.688707
0.688718
0.688729
0.688732
0.688738
0.688745
0.688746
0.688749
0.68875
0.688759
0.688765
0.688775
0.688787
0.688791
0.688795
0.688797
0.688798
0.688802
0.688802
0.688803
0.688809
0.688812
0.688822
0.688823
0.688824
0.688826
0.688845
0.688846
0.688866
0.688867
0.688896
0.688915
0.688916
0.688928
0.688932
0.688946
0.688955
0.688965
0.688966
0.688976
0.688978
0.688979
0.688991
0.688998
0.688998
0.688999
0.689014
0.689016
0.68902
0.689024
0.689033
0.689039
0.68904
0.689042
0.689043
0.689046
0.689049
0.689051
0.689055
0.689055
0.689058
0.689062
0.689063
0.689071
0.689072
0.689077
0.689082
0.689085
0.689087
0.689106
0.68911
0.689115
0.689126
0.689126
0.689132
0.689134
0.689141
0.689142
0.689143
0.689146
0.689149
0.689149
0.689153
0.689155
0.689157
0.689164
0.689167
0.689177
0.689179
0.68918
0.689185
0.689211
0.689219
0.689224
0.689233
0.689236
0.689253
0.689253
0.689261
0.689269
0.689281
0.689291
0.6893
0.689303
0.689312
0.689313
0.689314
0.689318
0.689321
0.689323
0.689326
0.689327
0.689332
0.689332
0.689332
0.689338
0.689345
0.689346
0.689346
0.689349
0.68935
0.689351
0.689354
0.689357
0.689361
0.689368
0.689374
0.689376
0.689378
0.689379
0.689382
0.689384
0.689393
0.689397
0.689398
0.689412
0.689414
0.689415
0.689426
0.68943
0.689434
0.689436
0.689439
0.68944
0.689445
0.689446
0.68946
0.689463
0.689482
0.689489
0.689491
0.689498
0.689502
0.689507
0.689514
0.689516
0.689519
0.689519
0.689521
0.689522
0.689525
0.689532
0.689534
0.689549
0.68955
0.689559
0.689561
0.689563
0.689582
0.689584
0.689589
0.689594
0.689602
0.689611
0.689627
0.689631
0.68964
0.689641
0.68965
0.689655
0.689672
0.689686
0.689692
0.689696
0.689707
0.689734
0.689736
0.689736
0.68976
0.689778
0.689787
0.689812
0.689839
0.689841
0.689863
0.689865
0.68987
0.689883
0.689883
0.689886
0.689888
0.689895
0.6899
0.689912
0.689918
0.689919
0.689927
0.689931
0.689933
0.689939
0.689968
0.689969
0.68999
0.690027
0.690033
0.690088
0.690099
0.690101
0.690163
0.6903
0.740294
0.74042
0.740614
0.740849
0.740928
0.741013
0.741059
0.741084
0.741158
0.741193
0.741254
0.741268
0.741285
0.741342
0.741411
0.741444
0.741457
0.74155
0.741592
0.741638
0.741651
0.741674
0.741679
0.741701
0.741717
0.741727
0.74179
0.741799
0.741829
0.741843
0.741844
0.74185
0.741868
0.741872
0.741896
0.741932
0.74195
0.741965
0.741972
0.742036
0.742069
0.742081
0.74209
0.742093
0.742163
0.742165
0.742182
0.742198
0.742215
0.74223
0.74224
0.742244
0.742275
0.742275
0.742287
0.742288
0.742302
0.742303
0.742304
0.742305
0.74231
0.742356
0.742373
0.742376
0.742381
0.742386
0.742395
0.7424
0.742402
0.742404
0.742409
0.742418
0.742424
0.742441
0.74246
0.74246
0.742475
0.742478
0.742485
0.742498
0.742509
0.742529
0.742532
0.742546
0.742547
0.742564
0.742586
0.742612
0.742616
0.742617
0.742618
0.742626
0.742629
0.742632
0.742653
0.74269
0.742701
0.742703
0.742729
0.742744
0.742752
0.742753
0.742757
0.742758
0.742759
0.742761
0.742765
0.742771
0.742792
0.742792
0.742814
0.742822
0.742829
0.742848
0.742856
0.74286
0.742861
0.742868
0.742873
0.742873
0.742874
0.742882
0.742884
0.742905
0.742914
0.742916
0.742928
0.742931
0.742937
0.74298
0.742982
0.743
0.743016
0.743021
0.743022
0.743026
0.743027
0.743031
0.743033
0.743033
0.743045
0.743053
0.74306
0.743075
0.743077
0.743078
0.743079
0.743085
0.743093
0.743094
0.743096
0.743103
0.743107
0.743109
0.743128
0.743129
0.743148
0.74315
0.743154
0.743163
0.743164
0.743168
0.743172
0.743187
0.743188
0.743188
0.743195
0.743197
0.743206
0.74322
0.743228
0.743236
0.743243
0.743261
0.743262
0.743265
0.743266
0.743274
0.743281
0.743282
0.743286
0.743294
0.743297
0.743306
0.743315
0.743319
0.743319
0.74332
0.743326
0.743331
0.743332
0.74334
0.74335
0.743352
0.743359
0.743366
0.743373
0.743376
0.743378
0.743384
0.743391
0.743392
0.743395
0.743407
0.743412
0.743416
0.743422
0.743436
0.743437
0.743449
0.743458
0.743459
0.743459
0.743461
0.743471
0.743471
0.743472
0.74349
0.743492
0.743496
0.743499
0.743504
0.743511
0.743516
0.74353
0.743541
0.743544
0.743544
0.74356
0.743561
0.743588
0.743589
0.743589
0.743596
0.743597
0.743616
0.743623
0.743628
0.743631
0.743633
0.743638
0.743639
0.743639
0.743642
0.743646
0.743656
0.74366
0.743675
0.743684
0.743695
0.7437
0.743702
0.743706
0.743707
0.74371
0.743717
0.743718
0.743723
0.743727
0.743731
0.743731
0.743736
0.743752
0.743755
0.743761
0.743763
0.74377
0.743771
0.743776
0.743782
0.743797
0.743817
0.743818
0.74383
0.74383
0.743836
0.743839
0.743856
0.743857
0.743877
0.743886
0.743895
0.743905
0.743912
0.743913
0.743914
0.743914
0.743933
0.743935
0.743937
0.743942
0.743942
0.74395
0.743954
0.743956
0.743959
0.743962
0.743964
0.74397
0.743986
0.74399
0.743994
0.743997
0.743998
0.744018
0.744035
0.744038
0.744056
0.744063
0.744069
0.744072
0.744107
0.744123
0.744127
0.744139
0.744163
0.744167
0.74417
0.744174
0.74418
0.744187
0.744197
0.744204
0.744206
0.744214
0.744216
0.744225
0.744233
0.744244
0.744258
0.744271
0.744292
0.744336
0.744338
0.74435
0.744359
0.744391
0.744419
0.744441
0.74447
0.744643
0.620921
0.621383
0.621494
0.621561
0.621822
0.621969
0.622027
0.622337
0.622382
0.622396
0.622409
0.622461
0.622507
0.622527
0.622566
0.622567
0.622616
0.622659
0.622729
0.622844
0.622875
0.62288
0.622891
0.622972
0.622983
0.623011
0.623165
0.623168
0.623176
0.62329
0.623301
0.623346
0.62341
0.623431
0.623453
0.623462
0.623477
0.623501
0.623542
0.623762
0.623772
0.623797
0.623808
0.623846
0.623928
0.623934
0.623949
0.623974
0.623982
0.623987
0.624035
0.624058
0.624071
0.624083
0.624094
0.624095
0.624116
0.62413
0.624137
0.624138
0.624165
0.624174
0.624197
0.624208
0.624226
0.624226
0.624255
0.624282
0.624283
0.624284
0.624325
0.624332
0.624343
0.624367
0.624382
0.624385
0.624386
0.624391
0.624392
0.624393
0.624421
0.62443
0.624471
0.624488
0.6245
0.624515
0.624528
0.624537
0.62454
0.624551
0.624552
0.624552
0.624563
0.624574
0.624583
0.624585
0.624597
0.624598
0.624608
0.624616
0.624619
0.624623
0.624627
0.624638
0.624645
0.624647
0.624659
0.624681
0.624712
0.624719
0.624721
0.624721
0.624743
0.624744
0.624759
0.624773
0.624777
0.624782
0.624784
0.624791
0.62481
0.624828
0.62483
0.62484
0.624841
0.624845
0.624872
0.624885
0.624892
0.624893
0.624901
0.624907
0.62491
0.62494
0.624962
0.624977
0.624983
0.624992
0.624993
0.625033
0.625037
0.625055
0.625068
0.625078
0.625079
0.625109
0.625115
0.625118
0.625119
0.625119
0.625127
0.625128
0.625159
0.625164
0.625168
0.625168
0.625187
0.625192
0.625201
0.625202
0.625214
0.625225
0.625228
0.625306
0.625313
0.625321
0.625324
0.625339
0.625355
0.625357
0.62536
0.625371
0.625372
0.625373
0.625374
0.625376
0.625383
0.625402
0.625424
0.625447
0.625456
0.625462
0.625499
0.625503
0.625521
0.625522
0.625524
0.62553
0.625542
0.625546
0.625557
0.625562
0.625566
0.62557
0.625577
0.625631
0.62565
0.625654
0.625655
0.62566
0.625663
0.625665
0.625685
0.625687
0.625712
0.625713
0.625733
0.625738
0.625768
0.625769
0.625788
0.625793
0.625797
0.625799
0.625817
0.625818
0.625824
0.625835
0.625836
0.625837
0.62584
0.625847
0.625847
0.625857
0.625863
0.625879
0.625893
0.625894
0.625902
0.625905
0.625905
0.625918
0.625925
0.62593
0.625962
0.625964
0.625967
0.625968
0.625979
0.625991
0.625996
0.625997
0.626005
0.626007
0.626008
0.626017
0.626021
0.626024
0.626038
0.626038
0.626042
0.626057
0.62607
0.62608
0.626081
0.626092
0.626098
0.626112
0.626136
0.626153
0.626154
0.626164
0.626165
0.626169
0.626185
0.626195
0.626208
0.626209
0.626213
0.62623
0.626231
0.626236
0.626246
0.626249
0.626259
0.626305
0.626307
0.626327
0.626332
0.62634
0.626343
0.626351
0.626366
0.626367
0.626369
0.626371
0.626372
0.626379
0.626401
0.626404
0.626413
0.626413
0.626437
0.626441
0.626506
0.626507
0.626517
0.626517
0.626527
0.626568
0.626572
0.626588
0.626631
0.626667
0.626669
0.626677
0.626688
0.626752
0.626767
0.626789
0.626801
0.626819
0.626827
0.626848
0.626902
0.626928
0.62697
0.627013
0.627016
0.627097
0.627127
0.627133
0.627216
0.627223
0.627268
0.627359
0.62744
0.686317
0.686952
0.686987
0.687007
0.687031
0.687084
0.687089
0.687116
0.687126
0.687154
0.687193
0.687198
0.687262
0.687286
0.687304
0.687307
0.687325
0.687332
0.687411
0.687431
0.687554
0.687568
0.687575
0.687623
0.687641
0.687655
0.687668
0.687669
0.687699
0.687711
0.687722
0.687733
0.687748
0.687756
0.687766
0.687769
0.68777
0.687772
0.687773
0.687792
0.687808
0.687811
0.687851
0.687855
0.687864
0.687864
0.687872
0.687876
0.687895
0.68791
0.687927
0.68793
0.687955
0.687972
0.68798
0.687982
0.687993
0.687997
0.688002
0.688009
0.688018
0.688019
0.688027
0.688038
0.688074
0.688095
0.688103
0.688104
0.688113
0.688168
0.688171
0.688173
0.688195
0.688195
0.688211
0.688218
0.688219
0.688228
0.688249
0.688273
0.688297
0.688304
0.688311
0.688312
0.688343
0.688347
0.688354
0.688366
0.688381
0.688385
0.688389
0.688402
0.688414
0.688416
0.688427
0.688433
0.688435
0.688441
0.688444
0.688448
0.68845
0.688463
0.688464
0.68847
0.688476
0.688488
0.688489
0.688491
0.688502
0.688503
0.688506
0.688523
0.688524
0.688534
0.688545
0.688548
0.688554
0.688562
0.688562
0.688565
0.688566
0.688575
0.688581
0.688591
0.688603
0.688607
0.688611
0.688613
0.688615
0.688618
0.688618
0.688619
0.688625
0.688628
0.688638
0.688639
0.68864
0.688642
0.688662
0.688662
0.688682
0.688683
0.688712
0.688731
0.688732
0.688744
0.688748
0.688761
0.688771
0.688781
0.688782
0.688792
0.688794
0.688795
0.688806
0.688814
0.688814
0.688815
0.68883
0.688831
0.688836
0.68884
0.688848
0.688854
0.688856
0.688858
0.688858
0.688861
0.688865
0.688867
0.688871
0.688871
0.688873
0.688878
0.688879
0.688887
0.688888
0.688892
0.688898
0.688901
0.688903
0.688921
0.688926
0.68893
0.688941
0.688942
0.688947
0.68895
0.688957
0.688958
0.688958
0.688962
0.688964
0.688964
0.688969
0.688971
0.688972
0.688979
0.688983
0.688992
0.688995
0.688996
0.689
0.689027
0.689035
0.68904
0.689049
0.689051
0.689069
0.689069
0.689077
0.689084
0.689096
0.689107
0.689116
0.689118
0.689127
0.689129
0.689129
0.689133
0.689136
0.689139
0.689141
0.689142
0.689147
0.689147
0.689148
0.689153
0.689161
0.689161
0.689162
0.689164
0.689165
0.689166
0.68917
0.689173
0.689177
0.689184
0.68919
0.689192
0.689193
0.689194
0.689198
0.689199
0.689209
0.689212
0.689213
0.689227
0.68923
0.689231
0.689241
0.689245
0.689249
0.689252
0.689254
0.689256
0.68926
0.689261
0.689275
0.689278
0.689298
0.689304
0.689306
0.689314
0.689317
0.689322
0.689329
0.689331
0.689334
0.689335
0.689336
0.689338
0.68934
0.689348
0.689349
0.689364
0.689365
0.689374
0.689376
0.689378
0.689397
0.689399
0.689404
0.689409
0.689417
0.689426
0.689442
0.689447
0.689455
0.689456
0.689465
0.68947
0.689487
0.689501
0.689507
0.689511
0.689521
0.689549
0.689551
0.689551
0.689575
0.689593
0.689602
0.689627
0.689653
0.689656
0.689678
0.68968
0.689684
0.689698
0.689698
0.689701
0.689703
0.68971
0.689714
0.689727
0.689733
0.689734
0.689742
0.689746
0.689747
0.689754
0.689782
0.689784
0.689805
0.689842
0.689848
0.689903
0.689913
0.689916
0.689977
0.690114
0.740204
0.740329
0.740524
0.740758
0.740838
0.740923
0.740969
0.740994
0.741067
0.741102
0.741164
0.741178
0.741195
0.741252
0.741321
0.741354
0.741367
0.741459
0.741502
0.741548
0.74156
0.741584
0.741589
0.741611
0.741627
0.741637
0.7417
0.741709
0.741739
0.741753
0.741753
0.74176
0.741777
0.741782
0.741806
0.741842
0.74186
0.741875
0.741882
0.741946
0.741979
0.741991
0.742
0.742003
0.742073
0.742075
0.742092
0.742108
0.742125
0.74214
0.742149
0.742154
0.742185
0.742185
0.742197
0.742198
0.742212
0.742213
0.742214
0.742215
0.74222
0.742266
0.742283
0.742286
0.742291
0.742296
0.742305
0.74231
0.742312
0.742314
0.742319
0.742328
0.742334
0.742351
0.74237
0.74237
0.742385
0.742388
0.742395
0.742408
0.742419
0.742439
0.742442
0.742456
0.742457
0.742474
0.742496
0.742522
0.742526
0.742527
0.742528
0.742536
0.742539
0.742543
0.742563
0.7426
0.742611
0.742613
0.742639
0.742654
0.742662
0.742663
0.742668
0.742668
0.742669
0.742671
0.742675
0.742682
0.742702
0.742702
0.742724
0.742732
0.742739
0.742759
0.742766
0.74277
0.742771
0.742778
0.742783
0.742783
0.742785
0.742792
0.742794
0.742816
0.742824
0.742826
0.742838
0.742841
0.742848
0.74289
0.742892
0.74291
0.742926
0.742931
0.742932
0.742937
0.742937
0.742941
0.742943
0.742944
0.742955
0.742963
0.74297
0.742985
0.742987
0.742988
0.742989
0.742995
0.743003
0.743004
0.743007
0.743013
0.743017
0.743019
0.743038
0.74304
0.743059
0.74306
0.743064
0.743073
0.743074
0.743078
0.743082
0.743097
0.743098
0.743098
0.743105
0.743107
0.743116
0.74313
0.743139
0.743146
0.743153
0.743171
0.743172
0.743175
0.743177
0.743184
0.743191
0.743192
0.743197
0.743204
0.743208
0.743217
0.743226
0.743229
0.74323
0.74323
0.743236
0.743241
0.743242
0.74325
0.743261
0.743263
0.743269
0.743276
0.743283
0.743286
0.743289
0.743294
0.743302
0.743302
0.743305
0.743318
0.743323
0.743327
0.743333
0.743346
0.743347
0.743359
0.743368
0.743369
0.74337
0.743371
0.743381
0.743382
0.743382
0.7434
0.743402
0.743406
0.743409
0.743414
0.743422
0.743426
0.74344
0.743452
0.743454
0.743454
0.74347
0.743471
0.743498
0.743499
0.743499
0.743506
0.743507
0.743526
0.743534
0.743538
0.743541
0.743544
0.743548
0.743549
0.743549
0.743552
0.743556
0.743566
0.743571
0.743585
0.743595
0.743606
0.74361
0.743612
0.743616
0.743617
0.74362
0.743627
0.743628
0.743634
0.743637
0.743641
0.743641
0.743646
0.743662
0.743665
0.743671
0.743674
0.74368
0.743681
0.743687
0.743693
0.743707
0.743728
0.743728
0.74374
0.74374
0.743746
0.74375
0.743767
0.743767
0.743787
0.743796
0.743805
0.743815
0.743822
0.743823
0.743824
0.743824
0.743844
0.743845
0.743848
0.743852
0.743852
0.74386
0.743865
0.743867
0.74387
0.743873
0.743874
0.74388
0.743896
0.743901
0.743905
0.743907
0.743908
0.743929
0.743945
0.743949
0.743966
0.743973
0.74398
0.743982
0.744017
0.744034
0.744037
0.744049
0.744074
0.744078
0.74408
0.744085
0.74409
0.744097
0.744107
0.744115
0.744116
0.744125
0.744126
0.744135
0.744143
0.744155
0.744168
0.744181
0.744202
0.744247
0.744249
0.744261
0.74427
0.744302
0.74433
0.744351
0.74438
0.744554
0.62055
0.621011
0.621123
0.621189
0.62145
0.621598
0.621655
0.621965
0.62201
0.622024
0.622037
0.622088
0.622135
0.622155
0.622194
0.622195
0.622243
0.622287
0.622357
0.622472
0.622503
0.622508
0.622518
0.6226
0.622611
0.622639
0.622793
0.622795
0.622804
0.622917
0.622928
0.622974
0.623038
0.623059
0.623081
0.623089
0.623104
0.623128
0.623169
0.62339
0.6234
0.623424
0.623436
0.623473
0.623556
0.623562
0.623577
0.623601
0.62361
0.623614
0.623663
0.623686
0.623699
0.62371
0.623722
0.623722
0.623744
0.623758
0.623764
0.623765
0.623792
0.623802
0.623825
0.623836
0.623853
0.623854
0.623882
0.623909
0.623911
0.623911
0.623953
0.62396
0.623971
0.623995
0.62401
0.624012
0.624013
0.624019
0.62402
0.624021
0.624048
0.624058
0.624098
0.624116
0.624127
0.624142
0.624156
0.624164
0.624167
0.624179
0.62418
0.62418
0.62419
0.624202
0.624211
0.624212
0.624224
0.624225
0.624236
0.624243
0.624246
0.624251
0.624255
0.624266
0.624272
0.624274
0.624287
0.624308
0.62434
0.624346
0.624348
0.624349
0.62437
0.624372
0.624387
0.6244
0.624404
0.62441
0.624411
0.624418
0.624437
0.624455
0.624457
0.624467
0.624468
0.624472
0.6245
0.624512
0.624519
0.62452
0.624528
0.624534
0.624537
0.624568
0.624589
0.624604
0.62461
0.624619
0.62462
0.624661
0.624665
0.624682
0.624696
0.624705
0.624706
0.624737
0.624742
0.624746
0.624746
0.624747
0.624754
0.624755
0.624786
0.624791
0.624795
0.624795
0.624814
0.624819
0.624828
0.624829
0.62484
0.624852
0.624855
0.624933
0.62494
0.624949
0.624952
0.624966
0.624982
0.624984
0.624987
0.624998
0.624999
0.625
0.625001
0.625003
0.625011
0.62503
0.625051
0.625075
0.625083
0.62509
0.625126
0.62513
0.625148
0.625149
0.625152
0.625157
0.625169
0.625173
0.625184
0.625189
0.625193
0.625197
0.625204
0.625258
0.625277
0.625281
0.625282
0.625288
0.625289
0.625292
0.625312
0.625314
0.625339
0.62534
0.62536
0.625366
0.625395
0.625396
0.625415
0.625421
0.625424
0.625426
0.625444
0.625446
0.625451
0.625462
0.625463
0.625464
0.625467
0.625474
0.625474
0.625484
0.62549
0.625506
0.62552
0.625521
0.625529
0.625531
0.625532
0.625545
0.625553
0.625557
0.625589
0.625591
0.625594
0.625595
0.625606
0.625618
0.625623
0.625624
0.625632
0.625634
0.625635
0.625644
0.625648
0.625651
0.625665
0.625665
0.62567
0.625684
0.625697
0.625707
0.625708
0.625719
0.625725
0.625738
0.625763
0.62578
0.625781
0.625791
0.625792
0.625796
0.625812
0.625822
0.625834
0.625836
0.625839
0.625857
0.625858
0.625862
0.625873
0.625876
0.625887
0.625931
0.625934
0.625954
0.625959
0.625967
0.62597
0.625978
0.625993
0.625993
0.625996
0.625998
0.625999
0.626006
0.626028
0.626031
0.62604
0.62604
0.626065
0.626068
0.626133
0.626134
0.626144
0.626144
0.626154
0.626195
0.626199
0.626214
0.626258
0.626294
0.626296
0.626304
0.626315
0.626379
0.626394
0.626416
0.626428
0.626446
0.626454
0.626475
0.626529
0.626555
0.626597
0.62664
0.626643
0.626724
0.626753
0.62676
0.626842
0.626849
0.626895
0.626986
0.627067
0.686137
0.68677
0.686806
0.686825
0.686849
0.686902
0.686907
0.686934
0.686944
0.686972
0.687012
0.687016
0.68708
0.687104
0.687122
0.687125
0.687143
0.68715
0.687228
0.687248
0.687371
0.687386
0.687392
0.68744
0.687459
0.687473
0.687485
0.687486
0.687517
0.687529
0.68754
0.687551
0.687566
0.687574
0.687583
0.687586
0.687588
0.687589
0.687591
0.68761
0.687625
0.687628
0.687668
0.687672
0.687681
0.687681
0.687689
0.687693
0.687712
0.687727
0.687745
0.687747
0.687772
0.687789
0.687797
0.687799
0.68781
0.687814
0.687819
0.687826
0.687835
0.687836
0.687844
0.687855
0.687891
0.687912
0.68792
0.687921
0.68793
0.687985
0.687988
0.68799
0.688012
0.688012
0.688028
0.688034
0.688036
0.688045
0.688066
0.688089
0.688113
0.688121
0.688128
0.688129
0.68816
0.688163
0.688171
0.688182
0.688198
0.688201
0.688205
0.688218
0.68823
0.688232
0.688244
0.68825
0.688251
0.688257
0.688261
0.688265
0.688266
0.68828
0.688281
0.688287
0.688292
0.688304
0.688306
0.688308
0.688318
0.688319
0.688322
0.688339
0.68834
0.688351
0.688362
0.688364
0.688371
0.688378
0.688379
0.688382
0.688383
0.688391
0.688397
0.688408
0.688419
0.688423
0.688427
0.68843
0.688431
0.688434
0.688434
0.688435
0.688441
0.688444
0.688455
0.688455
0.688456
0.688459
0.688478
0.688478
0.688498
0.688499
0.688528
0.688547
0.688548
0.68856
0.688564
0.688577
0.688587
0.688597
0.688598
0.688608
0.68861
0.688611
0.688622
0.688629
0.68863
0.688631
0.688646
0.688647
0.688652
0.688656
0.688664
0.68867
0.688672
0.688674
0.688674
0.688677
0.688681
0.688683
0.688686
0.688687
0.688689
0.688693
0.688695
0.688703
0.688704
0.688708
0.688714
0.688717
0.688719
0.688737
0.688741
0.688746
0.688757
0.688758
0.688763
0.688766
0.688772
0.688774
0.688774
0.688777
0.68878
0.68878
0.688784
0.688787
0.688788
0.688795
0.688798
0.688808
0.688811
0.688812
0.688816
0.688842
0.688851
0.688855
0.688865
0.688867
0.688884
0.688884
0.688892
0.6889
0.688912
0.688922
0.688931
0.688934
0.688943
0.688944
0.688945
0.688949
0.688952
0.688954
0.688957
0.688958
0.688963
0.688963
0.688963
0.688968
0.688976
0.688977
0.688977
0.688979
0.68898
0.688982
0.688985
0.688988
0.688992
0.688999
0.689005
0.689007
0.689009
0.689009
0.689013
0.689015
0.689024
0.689027
0.689028
0.689043
0.689045
0.689046
0.689057
0.68906
0.689065
0.689067
0.689069
0.689071
0.689075
0.689076
0.68909
0.689094
0.689113
0.689119
0.689121
0.689129
0.689132
0.689137
0.689144
0.689146
0.68915
0.68915
0.689151
0.689153
0.689155
0.689163
0.689164
0.689179
0.68918
0.689189
0.689191
0.689193
0.689212
0.689214
0.689219
0.689224
0.689233
0.689241
0.689257
0.689262
0.68927
0.689271
0.68928
0.689285
0.689302
0.689316
0.689322
0.689326
0.689336
0.689364
0.689366
0.689366
0.68939
0.689408
0.689417
0.689442
0.689468
0.68947
0.689492
0.689494
0.689499
0.689512
0.689513
0.689515
0.689518
0.689525
0.689529
0.689542
0.689548
0.689549
0.689557
0.68956
0.689562
0.689568
0.689597
0.689599
0.689619
0.689657
0.689662
0.689717
0.689728
0.68973
0.689792
0.689929
0.740113
0.740239
0.740433
0.740668
0.740747
0.740832
0.740878
0.740903
0.740977
0.741012
0.741073
0.741088
0.741104
0.741162
0.741231
0.741263
0.741277
0.741369
0.741411
0.741458
0.74147
0.741493
0.741499
0.74152
0.741537
0.741547
0.74161
0.741618
0.741649
0.741663
0.741663
0.741669
0.741687
0.741691
0.741715
0.741752
0.741769
0.741785
0.741791
0.741855
0.741889
0.741901
0.741909
0.741913
0.741982
0.741985
0.742002
0.742018
0.742035
0.74205
0.742059
0.742064
0.742095
0.742095
0.742107
0.742108
0.742121
0.742123
0.742124
0.742124
0.742129
0.742176
0.742192
0.742196
0.742201
0.742206
0.742214
0.74222
0.742221
0.742224
0.742229
0.742238
0.742244
0.742261
0.742279
0.74228
0.742294
0.742298
0.742305
0.742318
0.742329
0.742348
0.742352
0.742365
0.742367
0.742384
0.742406
0.742432
0.742436
0.742437
0.742438
0.742446
0.742449
0.742452
0.742473
0.74251
0.742521
0.742523
0.742549
0.742564
0.742572
0.742573
0.742577
0.742578
0.742579
0.742581
0.742585
0.742592
0.742612
0.742612
0.742634
0.742642
0.742649
0.742668
0.742676
0.74268
0.742681
0.742688
0.742693
0.742693
0.742694
0.742702
0.742704
0.742726
0.742734
0.742736
0.742748
0.742751
0.742758
0.7428
0.742802
0.74282
0.742836
0.742841
0.742842
0.742846
0.742847
0.742851
0.742853
0.742854
0.742865
0.742873
0.74288
0.742896
0.742897
0.742898
0.742899
0.742905
0.742914
0.742914
0.742917
0.742923
0.742927
0.742929
0.742948
0.74295
0.742969
0.74297
0.742974
0.742983
0.742984
0.742988
0.742992
0.743007
0.743008
0.743008
0.743015
0.743017
0.743026
0.74304
0.743049
0.743056
0.743063
0.743081
0.743082
0.743085
0.743087
0.743094
0.743101
0.743102
0.743107
0.743114
0.743118
0.743127
0.743136
0.743139
0.74314
0.74314
0.743146
0.743151
0.743152
0.74316
0.743171
0.743173
0.743179
0.743186
0.743193
0.743196
0.743199
0.743204
0.743212
0.743212
0.743215
0.743228
0.743233
0.743237
0.743243
0.743256
0.743257
0.743269
0.743278
0.743279
0.74328
0.743281
0.743292
0.743292
0.743292
0.743311
0.743312
0.743316
0.743319
0.743324
0.743332
0.743337
0.74335
0.743362
0.743364
0.743365
0.74338
0.743381
0.743408
0.743409
0.74341
0.743416
0.743417
0.743437
0.743444
0.743449
0.743451
0.743454
0.743458
0.743459
0.74346
0.743462
0.743467
0.743476
0.743481
0.743495
0.743505
0.743516
0.74352
0.743522
0.743526
0.743527
0.74353
0.743537
0.743538
0.743544
0.743547
0.743551
0.743552
0.743556
0.743572
0.743576
0.743581
0.743584
0.74359
0.743591
0.743597
0.743603
0.743617
0.743638
0.743638
0.74365
0.743651
0.743657
0.74366
0.743677
0.743678
0.743697
0.743707
0.743715
0.743725
0.743732
0.743734
0.743734
0.743735
0.743754
0.743755
0.743758
0.743762
0.743763
0.743771
0.743775
0.743777
0.74378
0.743783
0.743784
0.743791
0.743806
0.743811
0.743815
0.743818
0.743819
0.743839
0.743855
0.743859
0.743876
0.743884
0.74389
0.743893
0.743927
0.743944
0.743948
0.743959
0.743984
0.743988
0.74399
0.743995
0.744001
0.744007
0.744017
0.744025
0.744027
0.744035
0.744037
0.744046
0.744054
0.744065
0.744079
0.744091
0.744113
0.744157
0.744159
0.744171
0.74418
0.744212
0.74424
0.744262
0.744291
0.744465
0.620178
0.620639
0.62075
0.620817
0.621078
0.621225
0.621282
0.621593
0.621638
0.621652
0.621665
0.621716
0.621762
0.621782
0.621821
0.621822
0.62187
0.621915
0.621985
0.622099
0.622131
0.622136
0.622146
0.622228
0.622239
0.622266
0.62242
0.622423
0.622431
0.622544
0.622555
0.622602
0.622665
0.622686
0.622708
0.622716
0.622731
0.622755
0.622796
0.623017
0.623027
0.623051
0.623063
0.6231
0.623183
0.623189
0.623204
0.623228
0.623237
0.623241
0.62329
0.623313
0.623325
0.623338
0.623349
0.623349
0.623371
0.623385
0.623391
0.623392
0.62342
0.623429
0.623452
0.623463
0.62348
0.623481
0.623509
0.623536
0.623538
0.623539
0.62358
0.623586
0.623598
0.623622
0.623637
0.623639
0.62364
0.623646
0.623647
0.623648
0.623675
0.623684
0.623725
0.623742
0.623754
0.623769
0.623783
0.62379
0.623794
0.623805
0.623806
0.623806
0.623817
0.623829
0.623838
0.623838
0.623851
0.623852
0.623863
0.62387
0.623873
0.623877
0.623881
0.623893
0.623899
0.623901
0.623914
0.623935
0.623966
0.623973
0.623975
0.623975
0.623996
0.623999
0.624014
0.624026
0.624031
0.624037
0.624038
0.624045
0.624064
0.624082
0.624084
0.624094
0.624095
0.624099
0.624127
0.624139
0.624146
0.624147
0.624155
0.624162
0.624164
0.624194
0.624216
0.624231
0.624237
0.624246
0.624247
0.624288
0.624291
0.624309
0.624323
0.624331
0.624333
0.624363
0.624369
0.624372
0.624373
0.624374
0.62438
0.624381
0.624413
0.624418
0.624422
0.624422
0.624441
0.624446
0.624454
0.624456
0.624467
0.624478
0.624482
0.62456
0.624567
0.624576
0.624579
0.624593
0.624609
0.62461
0.624614
0.624625
0.624625
0.624627
0.624627
0.624629
0.624637
0.624657
0.624678
0.624701
0.624709
0.624716
0.624753
0.624757
0.624774
0.624776
0.624779
0.624783
0.624796
0.624799
0.62481
0.624816
0.62482
0.624823
0.624831
0.624885
0.624904
0.624908
0.624909
0.624914
0.624916
0.624919
0.624939
0.624941
0.624966
0.624966
0.624987
0.624992
0.625022
0.625023
0.625041
0.625047
0.625051
0.625052
0.625071
0.625072
0.625077
0.625089
0.62509
0.62509
0.625093
0.6251
0.625101
0.625111
0.625117
0.625132
0.625147
0.625147
0.625156
0.625158
0.625159
0.625172
0.625179
0.625184
0.625215
0.625218
0.625221
0.625222
0.625232
0.625245
0.62525
0.62525
0.625259
0.62526
0.625262
0.625271
0.625275
0.625277
0.625291
0.625291
0.625297
0.62531
0.625324
0.625333
0.625334
0.625345
0.625351
0.625365
0.625389
0.625406
0.625408
0.625418
0.625418
0.625423
0.625438
0.625448
0.625461
0.625463
0.625466
0.625483
0.625484
0.625488
0.625499
0.625502
0.625513
0.625558
0.62556
0.625581
0.625585
0.625593
0.625596
0.625604
0.62562
0.62562
0.625622
0.625625
0.625625
0.625632
0.625654
0.625658
0.625666
0.625667
0.625691
0.625694
0.625759
0.62576
0.62577
0.625771
0.625781
0.625821
0.625826
0.62584
0.625884
0.62592
0.625922
0.62593
0.625941
0.626005
0.62602
0.626042
0.626054
0.626072
0.62608
0.626101
0.626155
0.626182
0.626223
0.626266
0.62627
0.626351
0.62638
0.626386
0.626469
0.626476
0.626522
0.626612
0.626693
0.685956
0.686589
0.686624
0.686643
0.686668
0.686721
0.686726
0.686752
0.686762
0.686791
0.68683
0.686834
0.686898
0.686922
0.68694
0.686943
0.686961
0.686968
0.687046
0.687066
0.687189
0.687204
0.68721
0.687258
0.687276
0.68729
0.687303
0.687304
0.687335
0.687346
0.687357
0.687368
0.687383
0.687391
0.6874
0.687403
0.687405
0.687407
0.687408
0.687427
0.687443
0.687446
0.687485
0.68749
0.687498
0.687499
0.687506
0.68751
0.687529
0.687544
0.687562
0.687564
0.687589
0.687606
0.687614
0.687616
0.687627
0.687631
0.687636
0.687643
0.687652
0.687653
0.687661
0.687672
0.687708
0.687729
0.687737
0.687738
0.687747
0.687802
0.687805
0.687807
0.687829
0.687829
0.687844
0.687851
0.687853
0.687862
0.687883
0.687906
0.68793
0.687938
0.687944
0.687945
0.687977
0.68798
0.687988
0.687999
0.688014
0.688018
0.688022
0.688035
0.688047
0.688049
0.68806
0.688066
0.688068
0.688073
0.688077
0.688081
0.688083
0.688096
0.688097
0.688103
0.688109
0.68812
0.688122
0.688124
0.688135
0.688136
0.688138
0.688156
0.688156
0.688167
0.688178
0.688181
0.688187
0.688194
0.688195
0.688198
0.688199
0.688207
0.688213
0.688224
0.688235
0.688239
0.688243
0.688246
0.688247
0.68825
0.68825
0.688251
0.688257
0.688261
0.688271
0.688271
0.688272
0.688275
0.688294
0.688294
0.688314
0.688315
0.688344
0.688363
0.688364
0.688376
0.68838
0.688393
0.688404
0.688413
0.688414
0.688424
0.688426
0.688426
0.688438
0.688445
0.688446
0.688447
0.688462
0.688463
0.688468
0.688472
0.68848
0.688486
0.688488
0.68849
0.68849
0.688493
0.688497
0.688499
0.688502
0.688503
0.688505
0.688509
0.688511
0.688519
0.68852
0.688524
0.688529
0.688533
0.688534
0.688553
0.688557
0.688562
0.688573
0.688573
0.688579
0.688582
0.688588
0.68859
0.68859
0.688593
0.688596
0.688596
0.6886
0.688603
0.688604
0.688611
0.688614
0.688624
0.688626
0.688627
0.688632
0.688658
0.688666
0.688671
0.68868
0.688683
0.6887
0.6887
0.688708
0.688715
0.688728
0.688738
0.688747
0.688749
0.688759
0.68876
0.68876
0.688764
0.688768
0.68877
0.688772
0.688774
0.688778
0.688778
0.688779
0.688784
0.688792
0.688792
0.688793
0.688795
0.688796
0.688797
0.688801
0.688804
0.688808
0.688815
0.688821
0.688823
0.688824
0.688825
0.688829
0.68883
0.68884
0.688843
0.688844
0.688858
0.68886
0.688862
0.688872
0.688876
0.68888
0.688882
0.688885
0.688886
0.688891
0.688892
0.688906
0.688909
0.688928
0.688935
0.688936
0.688944
0.688948
0.688952
0.688959
0.688961
0.688965
0.688965
0.688967
0.688968
0.688971
0.688978
0.688979
0.688995
0.688996
0.689004
0.689006
0.689008
0.689027
0.689029
0.689034
0.689039
0.689048
0.689057
0.689072
0.689077
0.689085
0.689086
0.689095
0.6891
0.689117
0.689131
0.689137
0.689141
0.689152
0.689179
0.689181
0.689181
0.689205
0.689223
0.689232
0.689257
0.689283
0.689285
0.689307
0.689309
0.689314
0.689327
0.689328
0.68933
0.689333
0.689339
0.689344
0.689357
0.689363
0.689364
0.689371
0.689375
0.689377
0.689383
0.689412
0.689414
0.689434
0.689471
0.689477
0.689532
0.689543
0.689545
0.689606
0.689743
0.740022
0.740148
0.740343
0.740577
0.740657
0.740742
0.740788
0.740813
0.740886
0.740921
0.740983
0.740997
0.741014
0.741071
0.74114
0.741173
0.741186
0.741279
0.741321
0.741367
0.74138
0.741403
0.741408
0.74143
0.741446
0.741457
0.74152
0.741528
0.741558
0.741572
0.741573
0.741579
0.741597
0.741601
0.741625
0.741661
0.741679
0.741695
0.741701
0.741765
0.741798
0.741811
0.741819
0.741822
0.741892
0.741894
0.741912
0.741927
0.741944
0.74196
0.741969
0.741973
0.742004
0.742004
0.742017
0.742018
0.742031
0.742033
0.742033
0.742034
0.742039
0.742086
0.742102
0.742105
0.74211
0.742116
0.742124
0.742129
0.742131
0.742134
0.742138
0.742148
0.742154
0.74217
0.742189
0.74219
0.742204
0.742208
0.742215
0.742228
0.742238
0.742258
0.742262
0.742275
0.742277
0.742293
0.742316
0.742342
0.742346
0.742347
0.742348
0.742356
0.742359
0.742362
0.742382
0.74242
0.742431
0.742432
0.742458
0.742474
0.742481
0.742483
0.742487
0.742488
0.742489
0.74249
0.742495
0.742501
0.742522
0.742522
0.742544
0.742552
0.742559
0.742578
0.742586
0.74259
0.74259
0.742598
0.742602
0.742603
0.742604
0.742612
0.742614
0.742635
0.742644
0.742646
0.742658
0.742661
0.742667
0.742709
0.742712
0.74273
0.742746
0.742751
0.742752
0.742756
0.742757
0.742761
0.742763
0.742764
0.742775
0.742783
0.74279
0.742805
0.742807
0.742808
0.742809
0.742815
0.742823
0.742824
0.742827
0.742833
0.742837
0.742839
0.742858
0.742859
0.742878
0.74288
0.742884
0.742893
0.742894
0.742897
0.742902
0.742917
0.742918
0.742918
0.742925
0.742927
0.742936
0.74295
0.742959
0.742966
0.742973
0.742991
0.742992
0.742995
0.742997
0.743004
0.743011
0.743012
0.743017
0.743024
0.743028
0.743037
0.743046
0.743049
0.743049
0.74305
0.743056
0.743061
0.743062
0.74307
0.743081
0.743083
0.743089
0.743096
0.743103
0.743106
0.743109
0.743114
0.743122
0.743122
0.743125
0.743138
0.743143
0.743147
0.743153
0.743166
0.743167
0.743179
0.743188
0.743189
0.743189
0.743191
0.743202
0.743202
0.743202
0.74322
0.743222
0.743226
0.743229
0.743234
0.743242
0.743247
0.74326
0.743272
0.743274
0.743275
0.74329
0.743291
0.743318
0.743319
0.743319
0.743326
0.743327
0.743347
0.743354
0.743359
0.743361
0.743364
0.743368
0.743369
0.74337
0.743372
0.743377
0.743386
0.743391
0.743405
0.743415
0.743426
0.74343
0.743432
0.743437
0.743437
0.74344
0.743447
0.743448
0.743454
0.743457
0.743461
0.743462
0.743467
0.743482
0.743486
0.743492
0.743494
0.7435
0.743501
0.743507
0.743513
0.743527
0.743548
0.743548
0.743561
0.743561
0.743567
0.74357
0.743587
0.743588
0.743607
0.743617
0.743626
0.743636
0.743643
0.743644
0.743645
0.743645
0.743664
0.743665
0.743668
0.743672
0.743673
0.743681
0.743685
0.743687
0.74369
0.743693
0.743694
0.743701
0.743717
0.743721
0.743725
0.743728
0.743729
0.743749
0.743765
0.743769
0.743786
0.743794
0.7438
0.743803
0.743838
0.743854
0.743858
0.743869
0.743894
0.743898
0.743901
0.743905
0.743911
0.743917
0.743928
0.743935
0.743937
0.743945
0.743947
0.743956
0.743964
0.743976
0.743989
0.744002
0.744023
0.744068
0.744069
0.744082
0.74409
0.744122
0.744151
0.744172
0.744201
0.744375
