0.561699
0.562333
0.562357
0.562417
0.56285
0.563125
0.563144
0.563189
0.563257
0.56333
0.563399
0.563407
0.563449
0.563529
0.563531
0.563601
0.563602
0.563658
0.56367
0.563671
0.563683
0.563716
0.563744
0.563846
0.56385
0.563853
0.56386
0.563878
0.563893
0.563904
0.564032
0.564034
0.564052
0.56406
0.564107
0.564108
0.564122
0.564136
0.564156
0.564167
0.564173
0.564186
0.564193
0.564194
0.564248
0.564293
0.564304
0.564332
0.564335
0.564357
0.564357
0.564368
0.564392
0.5644
0.564418
0.564425
0.56443
0.564448
0.564455
0.564468
0.564479
0.564491
0.564503
0.564512
0.564542
0.564548
0.564562
0.564573
0.56458
0.564633
0.564635
0.564647
0.564669
0.56472
0.564722
0.564738
0.564739
0.56476
0.564762
0.564795
0.56485
0.56485
0.564859
0.564871
0.564873
0.564881
0.564885
0.564904
0.564909
0.564928
0.564929
0.564945
0.564948
0.564955
0.564967
0.564993
0.564999
0.565006
0.565008
0.565015
0.565019
0.565029
0.565057
0.565057
0.565057
0.565062
0.565074
0.56508
0.56508
0.56509
0.565103
0.565125
0.565129
0.565132
0.565135
0.56514
0.565148
0.565212
0.565217
0.56522
0.565224
0.565232
0.565247
0.565249
0.565249
0.565259
0.565259
0.565261
0.565269
0.565279
0.565281
0.565282
0.565283
0.565292
0.565293
0.565302
0.565305
0.565313
0.565319
0.565319
0.565326
0.565329
0.565337
0.565351
0.565364
0.565374
0.565375
0.565378
0.565384
0.565402
0.565417
0.565423
0.565427
0.565434
0.56546
0.56546
0.565463
0.565484
0.565493
0.565495
0.565506
0.565515
0.565516
0.565517
0.565522
0.565531
0.565535
0.565536
0.565547
0.565548
0.565555
0.565574
0.565588
0.565589
0.565607
0.565611
0.565616
0.565643
0.565645
0.565654
0.565657
0.565665
0.565674
0.565675
0.565676
0.565691
0.565698
0.565711
0.565716
0.565732
0.565737
0.56576
0.565763
0.565784
0.565785
0.565807
0.565811
0.565838
0.565855
0.565858
0.565863
0.565901
0.565908
0.56591
0.56591
0.565912
0.56592
0.565927
0.565949
0.56596
0.565978
0.565979
0.565995
0.565996
0.565998
0.566008
0.566009
0.566013
0.566018
0.566027
0.566028
0.566038
0.566052
0.566066
0.566069
0.566082
0.566093
0.566095
0.566103
0.566119
0.566138
0.566148
0.56615
0.56615
0.566152
0.566158
0.566181
0.566184
0.566194
0.566198
0.566207
0.566251
0.566254
0.566255
0.56627
0.566271
0.566274
0.56628
0.566284
0.566303
0.566339
0.566344
0.566344
0.566349
0.566358
0.566358
0.566376
0.56638
0.566387
0.566394
0.566402
0.566403
0.56641
0.566413
0.566414
0.566418
0.566423
0.56643
0.566443
0.56645
0.566455
0.566459
0.566468
0.566479
0.566487
0.566489
0.566491
0.566502
0.566507
0.566528
0.56653
0.566537
0.566565
0.566565
0.566566
0.56659
0.566593
0.566595
0.566596
0.5666
0.566608
0.566611
0.566619
0.566621
0.566627
0.56663
0.566632
0.566634
0.566663
0.566664
0.566667
0.56667
0.566678
0.56669
0.566696
0.566703
0.566723
0.566723
0.566731
0.566738
0.566741
0.566749
0.56675
0.566755
0.566758
0.566758
0.566763
0.566768
0.56677
0.566777
0.56678
0.566788
0.566796
0.566804
0.566809
0.566817
0.566819
0.56682
0.566843
0.566868
0.56688
0.566886
0.566895
0.566912
0.566913
0.566913
0.566913
0.566916
0.566921
0.566962
0.566964
0.566964
0.566965
0.566971
0.566978
0.566989
0.566997
0.567003
0.567009
0.567013
0.56702
0.567028
0.567033
0.567036
0.567037
0.567042
0.567045
0.567047
0.56705
0.567057
0.567057
0.567066
0.567075
0.567082
0.567082
0.567103
0.567121
0.567123
0.567132
0.567132
0.567141
0.567149
0.56715
0.567151
0.567153
0.567156
0.567163
0.56717
0.567197
0.567212
0.567212
0.567216
0.567222
0.567225
0.567226
0.567226
0.567235
0.567236
0.56724
0.567271
0.567274
0.56728
0.567286
0.567296
0.567303
0.567305
0.567308
0.567332
0.567341
0.567341
0.567346
0.567349
0.567353
0.567361
0.567361
0.567364
0.567367
0.56737
0.567381
0.567384
0.567404
0.567406
0.56741
0.567411
0.567428
0.567442
0.567447
0.567449
0.567452
0.567453
0.567453
0.567459
0.567477
0.567477
0.567496
0.56751
0.567514
0.567543
0.567544
0.567556
0.567566
0.567568
0.567569
0.567588
0.56762
0.56763
0.567635
0.567643
0.567645
0.567661
0.567662
0.567672
0.567683
0.56769
0.567697
0.567709
0.56772
0.567721
0.567727
0.567745
0.567745
0.567748
0.567754
0.567766
0.567772
0.567772
0.567787
0.567797
0.5678
0.567801
0.567858
0.567862
0.567899
0.567907
0.567909
0.567915
0.567953
0.567972
0.567982
0.567998
0.568001
0.568003
0.568022
0.568035
0.568066
0.568094
0.568137
0.568209
0.568215
0.568253
0.568281
0.568284
0.568332
0.568335
0.568338
0.568359
0.568426
0.56845
0.568476
0.5685
0.568509
0.56852
0.568538
0.661469
0.661679
0.66191
0.662039
0.662123
0.662186
0.662206
0.662228
0.662237
0.662277
0.662351
0.662455
0.662458
0.662469
0.662532
0.662601
0.662601
0.662664
0.662682
0.662708
0.662709
0.662713
0.662721
0.662731
0.662733
0.662738
0.662751
0.662758
0.662763
0.662775
0.662779
0.662792
0.66282
0.662844
0.66286
0.662872
0.662875
0.662906
0.66291
0.662914
0.662916
0.662923
0.662928
0.66293
0.662931
0.662951
0.662962
0.662973
0.662973
0.662974
0.662994
0.662995
0.663001
0.663008
0.663017
0.663041
0.663055
0.663055
0.663079
0.663084
0.663098
0.663112
0.663115
0.663118
0.663118
0.663118
0.663127
0.663128
0.66313
0.663131
0.663131
0.663138
0.663143
0.663152
0.663155
0.663156
0.663157
0.66316
0.663162
0.663174
0.663174
0.663176
0.663177
0.663189
0.663194
0.663195
0.663202
0.663203
0.663205
0.663217
0.663227
0.663232
0.663241
0.663245
0.663251
0.663256
0.663261
0.663263
0.663268
0.663282
0.663283
0.663302
0.663309
0.663311
0.663315
0.663324
0.663326
0.663329
0.663331
0.663335
0.663345
0.663345
0.663362
0.663362
0.663371
0.663374
0.66338
0.663391
0.663395
0.663405
0.663407
0.66341
0.663423
0.663428
0.663429
0.663433
0.663443
0.663444
0.663444
0.663444
0.663446
0.663447
0.663449
0.663454
0.663455
0.663463
0.663472
0.663476
0.663483
0.663493
0.663499
0.663501
0.663502
0.663515
0.663519
0.663521
0.663528
0.66353
0.663534
0.663535
0.66354
0.663549
0.66355
0.663556
0.663561
0.663561
0.663573
0.663574
0.663576
0.663576
0.66358
0.663587
0.6636
0.663601
0.663602
0.663605
0.663614
0.663614
0.66362
0.663621
0.663622
0.663623
0.663627
0.663628
0.663628
0.663635
0.663636
0.663636
0.663638
0.663644
0.663646
0.663647
0.66365
0.66365
0.663655
0.663657
0.663662
0.663667
0.663669
0.663674
0.663682
0.663686
0.663686
0.663687
0.663689
0.663697
0.663699
0.663701
0.663702
0.663702
0.663703
0.663712
0.66372
0.663722
0.663727
0.663729
0.663729
0.663729
0.663738
0.66374
0.663742
0.663746
0.66375
0.663754
0.663755
0.663764
0.663767
0.663771
0.66378
0.663781
0.663787
0.663791
0.663793
0.663807
0.663808
0.663811
0.663825
0.663827
0.663829
0.663831
0.663836
0.663841
0.663844
0.663848
0.663852
0.663856
0.663866
0.66387
0.663873
0.663874
0.663889
0.663894
0.663896
0.663896
0.663898
0.663898
0.663901
0.663903
0.663905
0.663917
0.663918
0.663921
0.663921
0.663926
0.663927
0.663932
0.663933
0.663936
0.663944
0.663949
0.663951
0.663952
0.663954
0.66396
0.663963
0.663964
0.663966
0.663971
0.663972
0.663975
0.663977
0.663979
0.663983
0.663985
0.663986
0.663986
0.663986
0.663987
0.663988
0.663989
0.663994
0.663996
0.663997
0.663998
0.664001
0.664003
0.664006
0.664007
0.664015
0.664016
0.664016
0.664017
0.664018
0.664025
0.664027
0.664032
0.664032
0.664033
0.664035
0.664035
0.664036
0.664036
0.664042
0.664044
0.664056
0.664058
0.664058
0.664061
0.664062
0.66407
0.664071
0.664073
0.664074
0.664074
0.664074
0.664075
0.664075
0.664076
0.664078
0.664079
0.664079
0.664079
0.664082
0.664083
0.664084
0.664089
0.66409
0.664092
0.664092
0.664094
0.664097
0.664105
0.66411
0.664115
0.664118
0.664125
0.664126
0.664131
0.664133
0.66414
0.664148
0.664149
0.664152
0.664159
0.66416
0.664162
0.664164
0.664165
0.664167
0.664167
0.664174
0.664174
0.664176
0.664176
0.664178
0.66418
0.664181
0.66419
0.664191
0.664197
0.664202
0.664202
0.664204
0.664211
0.664212
0.66423
0.664231
0.664232
0.664237
0.664237
0.664238
0.664242
0.664244
0.664244
0.664247
0.664247
0.664249
0.66425
0.664254
0.664255
0.664255
0.664258
0.66426
0.664266
0.664269
0.664272
0.664277
0.664282
0.664282
0.664286
0.664289
0.664291
0.664301
0.664307
0.664312
0.664315
0.664319
0.66432
0.664321
0.664324
0.664325
0.664327
0.664331
0.664335
0.66434
0.664341
0.664345
0.664355
0.664357
0.664365
0.664369
0.664378
0.664381
0.664382
0.664383
0.664388
0.664397
0.664399
0.664403
0.664406
0.664414
0.664432
0.664433
0.664448
0.664453
0.664457
0.664457
0.664457
0.664464
0.664465
0.664474
0.664483
0.664488
0.664494
0.664499
0.6645
0.664506
0.664508
0.66451
0.664513
0.664526
0.664539
0.664541
0.664541
0.664542
0.664546
0.664546
0.664549
0.66455
0.664551
0.664553
0.664553
0.664554
0.664557
0.664564
0.664566
0.664568
0.664574
0.664585
0.664585
0.664591
0.664591
0.664596
0.664596
0.664598
0.664598
0.664605
0.664629
0.664643
0.664647
0.664652
0.664657
0.664658
0.664659
0.66466
0.664662
0.664662
0.664671
0.664675
0.664676
0.664684
0.664685
0.664688
0.66469
0.664694
0.664695
0.664705
0.664706
0.664708
0.664721
0.664725
0.664741
0.664743
0.664744
0.664744
0.664747
0.664767
0.66479
0.664793
0.664794
0.664801
0.664833
0.66484
0.664857
0.664866
0.664868
0.664943
0.561524
0.562158
0.562181
0.562242
0.562675
0.56295
0.562969
0.563013
0.563082
0.563155
0.563224
0.563232
0.563273
0.563353
0.563355
0.563426
0.563426
0.563482
0.563495
0.563496
0.563507
0.563541
0.563569
0.563671
0.563674
0.563678
0.563685
0.563703
0.563718
0.563729
0.563857
0.563859
0.563876
0.563885
0.563932
0.563932
0.563946
0.563961
0.56398
0.563991
0.563997
0.564011
0.564018
0.564019
0.564072
0.564118
0.564128
0.564157
0.564159
0.564181
0.564181
0.564193
0.564216
0.564224
0.564242
0.564249
0.564254
0.564273
0.56428
0.564293
0.564304
0.564316
0.564328
0.564337
0.564366
0.564373
0.564387
0.564398
0.564404
0.564458
0.564459
0.564471
0.564493
0.564545
0.564547
0.564562
0.564564
0.564584
0.564587
0.564619
0.564675
0.564675
0.564683
0.564696
0.564697
0.564705
0.564709
0.564728
0.564733
0.564753
0.564753
0.564769
0.564772
0.56478
0.564791
0.564817
0.564823
0.56483
0.564833
0.564839
0.564843
0.564853
0.564881
0.564882
0.564882
0.564887
0.564898
0.564904
0.564905
0.564915
0.564927
0.564949
0.564954
0.564956
0.56496
0.564965
0.564972
0.565037
0.565041
0.565044
0.565049
0.565057
0.565071
0.565073
0.565073
0.565083
0.565084
0.565085
0.565093
0.565104
0.565105
0.565106
0.565108
0.565117
0.565117
0.565127
0.565129
0.565138
0.565143
0.565143
0.565151
0.565153
0.565162
0.565176
0.565188
0.565199
0.565199
0.565202
0.565208
0.565227
0.565241
0.565247
0.565251
0.565259
0.565284
0.565285
0.565287
0.565308
0.565317
0.56532
0.56533
0.565339
0.565341
0.565342
0.565346
0.565355
0.56536
0.56536
0.565372
0.565373
0.565379
0.565399
0.565413
0.565413
0.565432
0.565435
0.56544
0.565468
0.56547
0.565479
0.565481
0.56549
0.565498
0.565499
0.5655
0.565515
0.565523
0.565535
0.56554
0.565556
0.565562
0.565584
0.565587
0.565609
0.56561
0.565632
0.565636
0.565662
0.565679
0.565683
0.565688
0.565726
0.565732
0.565734
0.565735
0.565737
0.565745
0.565751
0.565773
0.565784
0.565802
0.565803
0.56582
0.56582
0.565822
0.565833
0.565833
0.565837
0.565842
0.565852
0.565852
0.565862
0.565877
0.565891
0.565893
0.565906
0.565917
0.565919
0.565928
0.565943
0.565963
0.565972
0.565974
0.565975
0.565976
0.565983
0.566006
0.566008
0.566018
0.566022
0.566031
0.566075
0.566078
0.56608
0.566094
0.566096
0.566099
0.566105
0.566109
0.566127
0.566163
0.566169
0.566169
0.566173
0.566182
0.566183
0.5662
0.566205
0.566211
0.566218
0.566227
0.566227
0.566234
0.566238
0.566238
0.566242
0.566247
0.566254
0.566268
0.566274
0.566279
0.566283
0.566293
0.566303
0.566312
0.566313
0.566315
0.566327
0.566331
0.566352
0.566355
0.566361
0.566389
0.566389
0.56639
0.566414
0.566417
0.56642
0.566421
0.566424
0.566433
0.566436
0.566443
0.566446
0.566451
0.566455
0.566456
0.566458
0.566488
0.566488
0.566492
0.566494
0.566502
0.566514
0.566521
0.566527
0.566547
0.566547
0.566555
0.566562
0.566566
0.566573
0.566574
0.566579
0.566582
0.566583
0.566588
0.566592
0.566594
0.566602
0.566605
0.566613
0.56662
0.566629
0.566633
0.566642
0.566644
0.566644
0.566667
0.566693
0.566704
0.56671
0.566719
0.566736
0.566737
0.566737
0.566737
0.56674
0.566745
0.566786
0.566788
0.566788
0.56679
0.566795
0.566802
0.566813
0.566822
0.566828
0.566834
0.566837
0.566845
0.566852
0.566858
0.56686
0.566862
0.566866
0.56687
0.566871
0.566874
0.566881
0.566882
0.566891
0.566899
0.566906
0.566907
0.566927
0.566945
0.566947
0.566956
0.566957
0.566965
0.566973
0.566975
0.566976
0.566978
0.56698
0.566987
0.566995
0.567021
0.567036
0.567037
0.56704
0.567047
0.56705
0.56705
0.56705
0.56706
0.567061
0.567064
0.567096
0.567098
0.567105
0.56711
0.56712
0.567127
0.567129
0.567132
0.567157
0.567166
0.567166
0.56717
0.567173
0.567178
0.567185
0.567186
0.567188
0.567191
0.567195
0.567205
0.567208
0.567228
0.56723
0.567234
0.567235
0.567252
0.567267
0.567272
0.567274
0.567277
0.567277
0.567278
0.567283
0.567301
0.567302
0.567321
0.567334
0.567338
0.567367
0.567368
0.56738
0.56739
0.567392
0.567394
0.567412
0.567444
0.567454
0.56746
0.567468
0.567469
0.567485
0.567487
0.567497
0.567508
0.567514
0.567521
0.567533
0.567544
0.567545
0.567551
0.567569
0.56757
0.567573
0.567578
0.56759
0.567597
0.567597
0.567611
0.567621
0.567625
0.567626
0.567683
0.567687
0.567723
0.567732
0.567734
0.56774
0.567778
0.567796
0.567806
0.567822
0.567825
0.567828
0.567846
0.56786
0.56789
0.567918
0.567962
0.568034
0.56804
0.568077
0.568105
0.568109
0.568156
0.568159
0.568162
0.568183
0.56825
0.568274
0.5683
0.568325
0.568334
0.568345
0.568362
0.661449
0.661659
0.66189
0.662019
0.662103
0.662166
0.662186
0.662208
0.662217
0.662257
0.662331
0.662435
0.662438
0.662449
0.662512
0.662581
0.662644
0.662662
0.662688
0.662689
0.662693
0.662701
0.662711
0.662713
0.662718
0.662731
0.662738
0.662743
0.662754
0.662759
0.662772
0.6628
0.662824
0.66284
0.662852
0.662855
0.662886
0.66289
0.662894
0.662896
0.662903
0.662908
0.66291
0.662911
0.662931
0.662942
0.662953
0.662953
0.662954
0.662974
0.662975
0.662981
0.662988
0.662997
0.663021
0.663035
0.663035
0.663059
0.663064
0.663078
0.663092
0.663095
0.663098
0.663098
0.663098
0.663107
0.663108
0.66311
0.663111
0.663111
0.663118
0.663123
0.663132
0.663135
0.663136
0.663137
0.663139
0.663142
0.663154
0.663154
0.663156
0.663157
0.663169
0.663174
0.663175
0.663182
0.663183
0.663185
0.663197
0.663207
0.663212
0.663221
0.663225
0.663231
0.663236
0.663241
0.663243
0.663248
0.663262
0.663263
0.663282
0.663289
0.663291
0.663295
0.663304
0.663307
0.663309
0.663311
0.663315
0.663325
0.663325
0.663342
0.663342
0.663351
0.663354
0.66336
0.663372
0.663375
0.663385
0.663387
0.66339
0.663403
0.663408
0.663409
0.663413
0.663423
0.663424
0.663424
0.663424
0.663426
0.663427
0.663429
0.663434
0.663435
0.663443
0.663452
0.663456
0.663463
0.663473
0.663479
0.663481
0.663482
0.663495
0.663499
0.663501
0.663508
0.66351
0.663514
0.663515
0.66352
0.663529
0.66353
0.663536
0.663541
0.663541
0.663553
0.663554
0.663556
0.663556
0.66356
0.663567
0.66358
0.663581
0.663582
0.663585
0.663594
0.663594
0.6636
0.663601
0.663602
0.663603
0.663607
0.663608
0.663608
0.663615
0.663616
0.663616
0.663618
0.663624
0.663626
0.663627
0.66363
0.66363
0.663635
0.663637
0.663642
0.663647
0.663649
0.663654
0.663662
0.663665
0.663666
0.663668
0.663669
0.663677
0.663679
0.663681
0.663682
0.663682
0.663683
0.663692
0.6637
0.663702
0.663707
0.663709
0.663709
0.663709
0.663718
0.66372
0.663722
0.663726
0.66373
0.663734
0.663735
0.663744
0.663747
0.66375
0.66376
0.663761
0.663767
0.663771
0.663773
0.663787
0.663788
0.663791
0.663805
0.663807
0.663809
0.663811
0.663816
0.663821
0.663824
0.663828
0.663832
0.663836
0.663846
0.66385
0.663853
0.663854
0.663869
0.663874
0.663876
0.663876
0.663878
0.663878
0.663881
0.663883
0.663885
0.663897
0.663898
0.663901
0.663901
0.663903
0.663906
0.663907
0.663912
0.663913
0.663916
0.663924
0.663929
0.66393
0.663932
0.663934
0.66394
0.663943
0.663944
0.663946
0.663951
0.663952
0.663955
0.663957
0.663959
0.663963
0.663965
0.663966
0.663966
0.663966
0.663966
0.663968
0.663969
0.663974
0.663976
0.663977
0.663978
0.663981
0.663983
0.663985
0.663987
0.663995
0.663996
0.663996
0.663997
0.663998
0.664005
0.664007
0.664012
0.664012
0.664013
0.664015
0.664015
0.664016
0.664016
0.664022
0.664023
0.664036
0.664038
0.664038
0.664041
0.664042
0.66405
0.664051
0.664053
0.664054
0.664054
0.664054
0.664055
0.664055
0.664056
0.664058
0.664058
0.664059
0.664059
0.664062
0.664063
0.664064
0.664069
0.66407
0.664072
0.664072
0.664074
0.664078
0.664085
0.66409
0.664095
0.664098
0.664105
0.664106
0.664111
0.664113
0.66412
0.664128
0.664128
0.664132
0.664139
0.66414
0.664142
0.664144
0.664145
0.664147
0.664147
0.664154
0.664154
0.664155
0.664156
0.664157
0.66416
0.664161
0.66417
0.664171
0.664177
0.664182
0.664182
0.664184
0.664191
0.664192
0.66421
0.664211
0.664212
0.664217
0.664217
0.664218
0.664222
0.664224
0.664224
0.664227
0.664227
0.664229
0.66423
0.664234
0.664235
0.664235
0.664238
0.66424
0.664246
0.664249
0.664252
0.664257
0.664262
0.664262
0.664265
0.664269
0.664271
0.664281
0.664287
0.664292
0.664295
0.664299
0.6643
0.664301
0.664304
0.664305
0.664307
0.664311
0.664315
0.66432
0.66432
0.664325
0.664335
0.664337
0.664345
0.664349
0.664358
0.664361
0.664362
0.664363
0.664368
0.664377
0.664378
0.664383
0.664386
0.664394
0.664412
0.664412
0.664428
0.664433
0.664437
0.664437
0.664437
0.664444
0.664445
0.664454
0.664463
0.664467
0.664474
0.664479
0.66448
0.664486
0.664488
0.66449
0.664493
0.664506
0.664519
0.664521
0.664521
0.664522
0.664526
0.664526
0.664529
0.66453
0.664531
0.664533
0.664533
0.664534
0.664537
0.664544
0.664546
0.664548
0.664554
0.664565
0.664565
0.664571
0.664571
0.664576
0.664576
0.664578
0.664578
0.664584
0.664609
0.664623
0.664626
0.664632
0.664637
0.664638
0.664639
0.66464
0.664642
0.664642
0.664651
0.664655
0.664656
0.664664
0.664665
0.664668
0.66467
0.664674
0.664675
0.664685
0.664686
0.664688
0.664701
0.664705
0.664721
0.664723
0.664724
0.664724
0.664726
0.664747
0.66477
0.664773
0.664774
0.664781
0.664813
0.66482
0.664837
0.664846
0.664848
0.664923
0.561349
0.561983
0.562006
0.562066
0.562499
0.562774
0.562793
0.562838
0.562906
0.562979
0.563048
0.563056
0.563097
0.563178
0.56318
0.56325
0.563251
0.563307
0.563319
0.56332
0.563331
0.563365
0.563393
0.563495
0.563498
0.563503
0.563509
0.563527
0.563542
0.563553
0.563681
0.563683
0.5637
0.563709
0.563756
0.563757
0.56377
0.563785
0.563805
0.563816
0.563822
0.563835
0.563842
0.563843
0.563896
0.563942
0.563952
0.563981
0.563984
0.564005
0.564006
0.564017
0.564041
0.564049
0.564066
0.564073
0.564079
0.564097
0.564104
0.564117
0.564128
0.56414
0.564152
0.564161
0.564191
0.564197
0.564211
0.564222
0.564229
0.564282
0.564284
0.564295
0.564318
0.564369
0.564371
0.564387
0.564388
0.564408
0.564411
0.564443
0.564499
0.564499
0.564507
0.56452
0.564522
0.564529
0.564534
0.564552
0.564558
0.564577
0.564577
0.564594
0.564597
0.564604
0.564616
0.564642
0.564647
0.564654
0.564657
0.564664
0.564668
0.564677
0.564705
0.564706
0.564706
0.564711
0.564722
0.564729
0.564729
0.564739
0.564751
0.564773
0.564778
0.564781
0.564784
0.564789
0.564796
0.564861
0.564866
0.564868
0.564873
0.564881
0.564895
0.564897
0.564898
0.564908
0.564908
0.56491
0.564918
0.564928
0.56493
0.564931
0.564932
0.564941
0.564941
0.564951
0.564954
0.564962
0.564967
0.564967
0.564975
0.564978
0.564986
0.565
0.565012
0.565023
0.565024
0.565026
0.565032
0.565051
0.565066
0.565071
0.565075
0.565083
0.565108
0.565109
0.565112
0.565133
0.565141
0.565144
0.565154
0.565164
0.565165
0.565166
0.56517
0.565179
0.565184
0.565184
0.565196
0.565197
0.565203
0.565223
0.565237
0.565238
0.565256
0.565259
0.565265
0.565292
0.565294
0.565303
0.565306
0.565314
0.565322
0.565323
0.565325
0.56534
0.565347
0.565359
0.565364
0.56538
0.565386
0.565408
0.565411
0.565433
0.565434
0.565456
0.56546
0.565486
0.565504
0.565507
0.565512
0.56555
0.565557
0.565558
0.565559
0.565561
0.565569
0.565576
0.565597
0.565608
0.565626
0.565628
0.565644
0.565645
0.565646
0.565657
0.565657
0.565662
0.565666
0.565676
0.565676
0.565686
0.565701
0.565715
0.565717
0.56573
0.565742
0.565744
0.565752
0.565767
0.565787
0.565797
0.565798
0.565799
0.565801
0.565807
0.56583
0.565833
0.565843
0.565846
0.565856
0.5659
0.565903
0.565904
0.565918
0.56592
0.565923
0.565929
0.565933
0.565952
0.565987
0.565993
0.565993
0.565998
0.566006
0.566007
0.566024
0.566029
0.566035
0.566043
0.566051
0.566051
0.566058
0.566062
0.566063
0.566066
0.566071
0.566079
0.566092
0.566099
0.566104
0.566108
0.566117
0.566128
0.566136
0.566137
0.566139
0.566151
0.566155
0.566177
0.566179
0.566186
0.566213
0.566213
0.566215
0.566238
0.566241
0.566244
0.566245
0.566248
0.566257
0.56626
0.566267
0.56627
0.566275
0.566279
0.56628
0.566282
0.566312
0.566313
0.566316
0.566319
0.566327
0.566339
0.566345
0.566351
0.566371
0.566372
0.566379
0.566386
0.56639
0.566398
0.566398
0.566403
0.566406
0.566407
0.566412
0.566416
0.566418
0.566426
0.566429
0.566437
0.566444
0.566453
0.566457
0.566466
0.566468
0.566468
0.566491
0.566517
0.566528
0.566534
0.566543
0.56656
0.566561
0.566561
0.566562
0.566564
0.566569
0.56661
0.566613
0.566613
0.566614
0.566619
0.566626
0.566638
0.566646
0.566652
0.566658
0.566661
0.566669
0.566677
0.566682
0.566684
0.566686
0.56669
0.566694
0.566696
0.566698
0.566705
0.566706
0.566715
0.566723
0.56673
0.566731
0.566751
0.56677
0.566771
0.56678
0.566781
0.566789
0.566797
0.566799
0.5668
0.566802
0.566805
0.566812
0.566819
0.566845
0.566861
0.566861
0.566864
0.566871
0.566874
0.566874
0.566874
0.566884
0.566885
0.566888
0.56692
0.566923
0.566929
0.566934
0.566944
0.566952
0.566954
0.566957
0.566981
0.56699
0.56699
0.566995
0.566997
0.567002
0.56701
0.56701
0.567012
0.567016
0.567019
0.567029
0.567033
0.567052
0.567054
0.567058
0.56706
0.567077
0.567091
0.567096
0.567098
0.567101
0.567102
0.567102
0.567108
0.567126
0.567126
0.567145
0.567158
0.567163
0.567192
0.567192
0.567204
0.567214
0.567216
0.567218
0.567237
0.567268
0.567278
0.567284
0.567292
0.567293
0.56731
0.567311
0.567321
0.567332
0.567338
0.567346
0.567357
0.567368
0.56737
0.567375
0.567394
0.567394
0.567397
0.567403
0.567414
0.567421
0.567421
0.567435
0.567446
0.567449
0.56745
0.567507
0.567511
0.567547
0.567556
0.567558
0.567564
0.567602
0.567621
0.567631
0.567647
0.567649
0.567652
0.56767
0.567684
0.567714
0.567742
0.567786
0.567858
0.567864
0.567901
0.567929
0.567933
0.567981
0.567984
0.567986
0.568008
0.568075
0.568098
0.568124
0.568149
0.568158
0.568169
0.568186
0.661429
0.661639
0.66187
0.661999
0.662083
0.662146
0.662166
0.662188
0.662197
0.662237
0.662311
0.662415
0.662418
0.662429
0.662492
0.662561
0.662624
0.662642
0.662668
0.662669
0.662673
0.662681
0.662691
0.662693
0.662698
0.662711
0.662718
0.662723
0.662734
0.662739
0.662752
0.66278
0.662803
0.66282
0.662832
0.662835
0.662866
0.66287
0.662874
0.662876
0.662883
0.662888
0.66289
0.662891
0.662911
0.662922
0.662933
0.662933
0.662934
0.662954
0.662955
0.662961
0.662968
0.662977
0.663001
0.663015
0.663015
0.663039
0.663044
0.663058
0.663072
0.663075
0.663078
0.663078
0.663078
0.663087
0.663088
0.66309
0.663091
0.663091
0.663098
0.663103
0.663112
0.663115
0.663116
0.663117
0.663119
0.663122
0.663134
0.663134
0.663136
0.663137
0.663149
0.663154
0.663155
0.663162
0.663163
0.663165
0.663177
0.663187
0.663192
0.663201
0.663205
0.663211
0.663216
0.663221
0.663223
0.663228
0.663242
0.663243
0.663261
0.663269
0.663271
0.663275
0.663284
0.663287
0.663289
0.663291
0.663295
0.663305
0.663305
0.663322
0.663322
0.663331
0.663334
0.66334
0.663352
0.663356
0.663365
0.663367
0.66337
0.663383
0.663388
0.663389
0.663393
0.663403
0.663404
0.663404
0.663404
0.663406
0.663407
0.663409
0.663414
0.663414
0.663423
0.663432
0.663436
0.663443
0.663453
0.663459
0.663461
0.663462
0.663475
0.663479
0.66348
0.663488
0.66349
0.663494
0.663495
0.6635
0.663509
0.66351
0.663516
0.663521
0.663521
0.663533
0.663534
0.663536
0.663536
0.66354
0.663546
0.66356
0.663561
0.663562
0.663565
0.663574
0.663574
0.66358
0.663581
0.663582
0.663583
0.663587
0.663588
0.663588
0.663595
0.663596
0.663596
0.663598
0.663604
0.663606
0.663607
0.66361
0.66361
0.663615
0.663617
0.663622
0.663627
0.663629
0.663634
0.663642
0.663645
0.663647
0.663648
0.663649
0.663657
0.663659
0.663661
0.663662
0.663662
0.663663
0.663672
0.66368
0.663682
0.663687
0.663689
0.663689
0.663689
0.663698
0.6637
0.663702
0.663706
0.66371
0.663714
0.663715
0.663724
0.663727
0.66373
0.66374
0.663741
0.663747
0.663751
0.663753
0.663767
0.663768
0.663771
0.663785
0.663787
0.663789
0.663791
0.663796
0.663801
0.663804
0.663808
0.663812
0.663816
0.663826
0.66383
0.663833
0.663834
0.663848
0.663854
0.663856
0.663856
0.663858
0.663858
0.663861
0.663863
0.663865
0.663877
0.663878
0.663881
0.663881
0.663883
0.663886
0.663887
0.663892
0.663893
0.663896
0.663904
0.663909
0.66391
0.663912
0.663914
0.66392
0.663923
0.663924
0.663926
0.663931
0.663932
0.663935
0.663937
0.663939
0.663943
0.663945
0.663946
0.663946
0.663946
0.663946
0.663948
0.663948
0.663954
0.663956
0.663957
0.663958
0.663961
0.663963
0.663965
0.663967
0.663975
0.663975
0.663976
0.663977
0.663978
0.663985
0.663988
0.663992
0.663992
0.663993
0.663995
0.663995
0.663996
0.663996
0.664002
0.664003
0.664016
0.664018
0.664018
0.664021
0.664022
0.66403
0.664031
0.664033
0.664033
0.664034
0.664034
0.664035
0.664035
0.664036
0.664038
0.664038
0.664039
0.664039
0.664042
0.664043
0.664044
0.664048
0.66405
0.664052
0.664052
0.664054
0.664058
0.664065
0.66407
0.664075
0.664078
0.664085
0.664086
0.664091
0.664093
0.6641
0.664108
0.664108
0.664112
0.664119
0.66412
0.664122
0.664124
0.664125
0.664127
0.664127
0.664134
0.664134
0.664135
0.664136
0.664137
0.66414
0.664141
0.66415
0.664151
0.664157
0.664162
0.664162
0.664164
0.664171
0.664172
0.66419
0.664191
0.664191
0.664197
0.664197
0.664198
0.664202
0.664204
0.664204
0.664207
0.664207
0.664209
0.66421
0.664214
0.664215
0.664215
0.664218
0.66422
0.664226
0.664229
0.664232
0.664237
0.664242
0.664242
0.664245
0.664249
0.664251
0.664261
0.664267
0.664272
0.664275
0.664279
0.66428
0.664281
0.664284
0.664285
0.664287
0.664291
0.664295
0.6643
0.6643
0.664305
0.664314
0.664317
0.664325
0.664329
0.664338
0.664341
0.664342
0.664343
0.664348
0.664357
0.664358
0.664363
0.664365
0.664374
0.664392
0.664392
0.664408
0.664413
0.664417
0.664417
0.664417
0.664424
0.664425
0.664434
0.664443
0.664447
0.664454
0.664459
0.66446
0.664466
0.664468
0.66447
0.664473
0.664486
0.664499
0.664501
0.664501
0.664502
0.664506
0.664506
0.664509
0.664509
0.664511
0.664513
0.664513
0.664514
0.664517
0.664524
0.664526
0.664528
0.664534
0.664544
0.664545
0.664551
0.664551
0.664556
0.664556
0.664558
0.664558
0.664564
0.664589
0.664603
0.664606
0.664612
0.664617
0.664618
0.664619
0.66462
0.664622
0.664622
0.664631
0.664634
0.664636
0.664644
0.664645
0.664648
0.664649
0.664654
0.664654
0.664665
0.664666
0.664668
0.664681
0.664685
0.664701
0.664703
0.664704
0.664704
0.664706
0.664727
0.66475
0.664753
0.664754
0.664761
0.664793
0.6648
0.664817
0.664826
0.664828
0.664903
0.561173
0.561807
0.56183
0.561891
0.562324
0.562598
0.562617
0.562662
0.562731
0.562803
0.562873
0.56288
0.562921
0.563002
0.563004
0.563075
0.563075
0.563131
0.563143
0.563144
0.563155
0.563189
0.563218
0.563319
0.563323
0.563327
0.563334
0.563351
0.563366
0.563377
0.563505
0.563507
0.563524
0.563533
0.56358
0.563581
0.563595
0.563609
0.563629
0.56364
0.563646
0.563659
0.563666
0.563667
0.563721
0.563766
0.563777
0.563806
0.563808
0.563829
0.56383
0.563841
0.563865
0.563873
0.56389
0.563897
0.563903
0.563921
0.563929
0.563941
0.563952
0.563964
0.563976
0.563985
0.564015
0.564021
0.564035
0.564046
0.564053
0.564106
0.564108
0.564119
0.564142
0.564193
0.564195
0.564211
0.564212
0.564232
0.564236
0.564267
0.564323
0.564323
0.564332
0.564344
0.564346
0.564353
0.564358
0.564376
0.564382
0.564401
0.564401
0.564418
0.564421
0.564428
0.56444
0.564466
0.564471
0.564478
0.564481
0.564488
0.564492
0.564501
0.564529
0.56453
0.56453
0.564535
0.564546
0.564553
0.564553
0.564563
0.564575
0.564598
0.564602
0.564605
0.564608
0.564613
0.56462
0.564685
0.56469
0.564692
0.564697
0.564705
0.564719
0.564721
0.564722
0.564732
0.564732
0.564734
0.564742
0.564752
0.564754
0.564755
0.564756
0.564765
0.564765
0.564775
0.564778
0.564786
0.564791
0.564791
0.564799
0.564802
0.56481
0.564824
0.564836
0.564847
0.564848
0.56485
0.564856
0.564875
0.56489
0.564895
0.5649
0.564907
0.564932
0.564933
0.564936
0.564957
0.564965
0.564969
0.564979
0.564988
0.564989
0.56499
0.564994
0.565003
0.565008
0.565008
0.565021
0.565021
0.565027
0.565047
0.565061
0.565062
0.56508
0.565084
0.565089
0.565116
0.565118
0.565127
0.565129
0.565138
0.565146
0.565147
0.565149
0.565164
0.565171
0.565183
0.565188
0.565205
0.56521
0.565232
0.565235
0.565257
0.565259
0.56528
0.565284
0.565311
0.565328
0.565331
0.565336
0.565374
0.565381
0.565382
0.565383
0.565385
0.565393
0.5654
0.565421
0.565433
0.565451
0.565452
0.565468
0.565469
0.56547
0.565481
0.565481
0.565486
0.56549
0.5655
0.5655
0.56551
0.565525
0.565539
0.565541
0.565555
0.565566
0.565568
0.565576
0.565591
0.565611
0.565621
0.565622
0.565623
0.565625
0.565631
0.565654
0.565657
0.565666
0.565671
0.56568
0.565724
0.565727
0.565728
0.565742
0.565744
0.565747
0.565753
0.565757
0.565776
0.565811
0.565817
0.565817
0.565822
0.56583
0.565831
0.565848
0.565853
0.565859
0.565867
0.565875
0.565876
0.565882
0.565886
0.565887
0.56589
0.565895
0.565903
0.565916
0.565923
0.565928
0.565932
0.565941
0.565952
0.56596
0.565961
0.565963
0.565975
0.565979
0.566001
0.566003
0.56601
0.566037
0.566037
0.566039
0.566062
0.566065
0.566068
0.566069
0.566072
0.566081
0.566084
0.566091
0.566094
0.566099
0.566103
0.566104
0.566106
0.566136
0.566137
0.56614
0.566143
0.566151
0.566163
0.566169
0.566175
0.566195
0.566196
0.566203
0.56621
0.566214
0.566222
0.566222
0.566227
0.566231
0.566231
0.566236
0.56624
0.566242
0.56625
0.566253
0.566261
0.566268
0.566277
0.566281
0.56629
0.566292
0.566292
0.566315
0.566341
0.566352
0.566359
0.566367
0.566385
0.566385
0.566385
0.566386
0.566388
0.566393
0.566434
0.566437
0.566437
0.566438
0.566444
0.56645
0.566462
0.56647
0.566476
0.566482
0.566485
0.566493
0.566501
0.566506
0.566508
0.56651
0.566514
0.566518
0.56652
0.566522
0.566529
0.56653
0.566539
0.566547
0.566554
0.566555
0.566575
0.566594
0.566595
0.566604
0.566605
0.566613
0.566621
0.566623
0.566624
0.566626
0.566629
0.566636
0.566643
0.566669
0.566685
0.566685
0.566688
0.566695
0.566698
0.566698
0.566698
0.566708
0.566709
0.566712
0.566744
0.566747
0.566753
0.566758
0.566768
0.566776
0.566778
0.566781
0.566805
0.566814
0.566814
0.566819
0.566821
0.566826
0.566834
0.566834
0.566836
0.56684
0.566843
0.566853
0.566857
0.566876
0.566878
0.566882
0.566884
0.566901
0.566915
0.56692
0.566922
0.566925
0.566926
0.566926
0.566932
0.56695
0.56695
0.566969
0.566982
0.566987
0.567016
0.567016
0.567028
0.567039
0.56704
0.567042
0.567061
0.567092
0.567102
0.567108
0.567116
0.567117
0.567134
0.567135
0.567145
0.567156
0.567162
0.56717
0.567181
0.567193
0.567194
0.567199
0.567218
0.567218
0.567221
0.567227
0.567238
0.567245
0.567245
0.567259
0.56727
0.567273
0.567274
0.567331
0.567335
0.567371
0.56738
0.567382
0.567388
0.567426
0.567445
0.567455
0.567471
0.567473
0.567476
0.567495
0.567508
0.567538
0.567566
0.56761
0.567682
0.567688
0.567726
0.567753
0.567757
0.567805
0.567808
0.56781
0.567832
0.567899
0.567922
0.567948
0.567973
0.567982
0.567993
0.56801
0.661409
0.661619
0.66185
0.661979
0.662063
0.662126
0.662146
0.662168
0.662177
0.662217
0.662291
0.662395
0.662398
0.662409
0.662472
0.662541
0.662604
0.662622
0.662648
0.662649
0.662653
0.662661
0.662671
0.662673
0.662678
0.662691
0.662698
0.662703
0.662714
0.662719
0.662732
0.66276
0.662783
0.6628
0.662812
0.662815
0.662846
0.66285
0.662854
0.662856
0.662863
0.662868
0.66287
0.662871
0.662891
0.662902
0.662913
0.662913
0.662914
0.662934
0.662935
0.662941
0.662948
0.662957
0.662981
0.662995
0.662995
0.663019
0.663024
0.663038
0.663052
0.663055
0.663058
0.663058
0.663058
0.663067
0.663068
0.66307
0.663071
0.663071
0.663078
0.663083
0.663092
0.663095
0.663096
0.663096
0.663099
0.663102
0.663114
0.663114
0.663116
0.663117
0.663129
0.663134
0.663135
0.663142
0.663143
0.663145
0.663157
0.663167
0.663172
0.663181
0.663185
0.663191
0.663196
0.663201
0.663203
0.663208
0.663222
0.663223
0.663241
0.663249
0.663251
0.663255
0.663264
0.663267
0.663269
0.663271
0.663275
0.663285
0.663285
0.663302
0.663302
0.663311
0.663314
0.66332
0.663332
0.663336
0.663345
0.663347
0.66335
0.663363
0.663368
0.663369
0.663373
0.663383
0.663384
0.663384
0.663384
0.663386
0.663387
0.663389
0.663394
0.663394
0.663403
0.663412
0.663416
0.663423
0.663433
0.663439
0.663441
0.663442
0.663455
0.663459
0.66346
0.663468
0.66347
0.663474
0.663475
0.66348
0.663489
0.66349
0.663496
0.663501
0.663501
0.663513
0.663513
0.663516
0.663516
0.66352
0.663526
0.66354
0.66354
0.663542
0.663545
0.663553
0.663554
0.66356
0.663561
0.663562
0.663563
0.663567
0.663568
0.663568
0.663575
0.663576
0.663576
0.663578
0.663584
0.663586
0.663587
0.663589
0.66359
0.663595
0.663597
0.663602
0.663607
0.663609
0.663614
0.663622
0.663625
0.663627
0.663628
0.663629
0.663637
0.663639
0.663641
0.663642
0.663642
0.663643
0.663652
0.66366
0.663662
0.663667
0.663669
0.663669
0.663669
0.663678
0.66368
0.663682
0.663686
0.66369
0.663694
0.663695
0.663704
0.663707
0.66371
0.66372
0.663721
0.663727
0.66373
0.663733
0.663747
0.663747
0.663751
0.663765
0.663767
0.663769
0.663771
0.663776
0.663781
0.663784
0.663788
0.663792
0.663796
0.663806
0.66381
0.663813
0.663814
0.663828
0.663834
0.663835
0.663836
0.663838
0.663838
0.663841
0.663843
0.663845
0.663857
0.663858
0.663861
0.663861
0.663863
0.663866
0.663867
0.663872
0.663873
0.663876
0.663884
0.663889
0.66389
0.663893
0.663894
0.6639
0.663903
0.663904
0.663906
0.663911
0.663912
0.663915
0.663916
0.663919
0.663923
0.663925
0.663926
0.663926
0.663926
0.663926
0.663928
0.663928
0.663933
0.663936
0.663937
0.663938
0.66394
0.663943
0.663945
0.663947
0.663955
0.663955
0.663956
0.663957
0.663957
0.663965
0.663968
0.663972
0.663972
0.663973
0.663975
0.663975
0.663976
0.663976
0.663982
0.663983
0.663996
0.663998
0.663998
0.664001
0.664002
0.66401
0.664011
0.664013
0.664013
0.664014
0.664014
0.664015
0.664015
0.664016
0.664018
0.664018
0.664019
0.664019
0.664022
0.664023
0.664024
0.664028
0.66403
0.664032
0.664032
0.664034
0.664038
0.664045
0.66405
0.664055
0.664058
0.664065
0.664066
0.664071
0.664073
0.66408
0.664087
0.664088
0.664092
0.664099
0.6641
0.664102
0.664104
0.664105
0.664107
0.664107
0.664114
0.664114
0.664115
0.664116
0.664117
0.66412
0.664121
0.664129
0.664131
0.664137
0.664142
0.664142
0.664144
0.664151
0.664152
0.66417
0.664171
0.664171
0.664176
0.664177
0.664178
0.664182
0.664183
0.664183
0.664187
0.664187
0.664189
0.66419
0.664194
0.664195
0.664195
0.664197
0.6642
0.664206
0.664209
0.664212
0.664217
0.664222
0.664222
0.664225
0.664229
0.664231
0.664241
0.664247
0.664252
0.664255
0.664259
0.66426
0.664261
0.664264
0.664265
0.664267
0.664271
0.664275
0.66428
0.66428
0.664285
0.664294
0.664297
0.664305
0.664309
0.664318
0.664321
0.664322
0.664322
0.664328
0.664337
0.664338
0.664343
0.664345
0.664354
0.664371
0.664372
0.664388
0.664393
0.664397
0.664397
0.664397
0.664404
0.664405
0.664414
0.664423
0.664427
0.664434
0.664439
0.66444
0.664446
0.664447
0.66445
0.664453
0.664466
0.664479
0.664481
0.664481
0.664482
0.664486
0.664486
0.664489
0.664489
0.66449
0.664493
0.664493
0.664494
0.664497
0.664504
0.664506
0.664508
0.664514
0.664524
0.664525
0.664531
0.664531
0.664536
0.664536
0.664537
0.664538
0.664544
0.664569
0.664583
0.664586
0.664592
0.664597
0.664598
0.664599
0.6646
0.664602
0.664602
0.664611
0.664614
0.664616
0.664624
0.664625
0.664628
0.664629
0.664634
0.664634
0.664645
0.664646
0.664648
0.664661
0.664665
0.664681
0.664683
0.664684
0.664684
0.664686
0.664707
0.66473
0.664733
0.664734
0.664741
0.664773
0.664779
0.664797
0.664806
0.664808
0.664883
0.560997
0.561631
0.561654
0.561715
0.562148
0.562422
0.562441
0.562486
0.562555
0.562627
0.562697
0.562704
0.562745
0.562826
0.562829
0.562899
0.562899
0.562955
0.562967
0.562968
0.562979
0.563013
0.563042
0.563144
0.563147
0.563151
0.563158
0.563175
0.56319
0.563201
0.563329
0.563331
0.563348
0.563357
0.563404
0.563405
0.563418
0.563433
0.563453
0.563464
0.56347
0.563483
0.56349
0.563492
0.563545
0.56359
0.563601
0.56363
0.563632
0.563653
0.563654
0.563665
0.563689
0.563697
0.563714
0.563721
0.563727
0.563745
0.563753
0.563765
0.563775
0.563788
0.5638
0.563809
0.563839
0.563845
0.563859
0.56387
0.563877
0.56393
0.563932
0.563943
0.563966
0.564017
0.564019
0.564035
0.564036
0.564056
0.56406
0.564091
0.564147
0.564147
0.564156
0.564168
0.56417
0.564177
0.564182
0.5642
0.564206
0.564225
0.564225
0.564242
0.564245
0.564252
0.564264
0.564289
0.564295
0.564302
0.564305
0.564312
0.564316
0.564325
0.564353
0.564354
0.564354
0.564359
0.56437
0.564377
0.564377
0.564386
0.564399
0.564422
0.564426
0.564429
0.564432
0.564437
0.564444
0.564509
0.564514
0.564516
0.564521
0.564529
0.564543
0.564545
0.564546
0.564556
0.564556
0.564558
0.564566
0.564576
0.564578
0.564579
0.56458
0.564588
0.564589
0.564599
0.564602
0.564611
0.564615
0.564615
0.564623
0.564626
0.564634
0.564648
0.56466
0.56467
0.564672
0.564674
0.56468
0.564699
0.564714
0.564719
0.564724
0.564731
0.564756
0.564757
0.564759
0.56478
0.564789
0.564793
0.564802
0.564812
0.564813
0.564814
0.564818
0.564827
0.564832
0.564832
0.564845
0.564845
0.564851
0.564871
0.564885
0.564886
0.564904
0.564908
0.564913
0.56494
0.564942
0.564951
0.564953
0.564961
0.56497
0.564971
0.564973
0.564988
0.564995
0.565007
0.565012
0.565029
0.565034
0.565056
0.565059
0.56508
0.565083
0.565104
0.565108
0.565134
0.565152
0.565155
0.56516
0.565198
0.565205
0.565206
0.565207
0.565208
0.565217
0.565224
0.565245
0.565257
0.565274
0.565276
0.565292
0.565292
0.565294
0.565305
0.565305
0.56531
0.565314
0.565324
0.565324
0.565334
0.565349
0.565363
0.565365
0.565379
0.565389
0.565392
0.5654
0.565415
0.565435
0.565445
0.565446
0.565447
0.565449
0.565455
0.565478
0.565481
0.56549
0.565495
0.565504
0.565548
0.565551
0.565552
0.565566
0.565568
0.565571
0.565577
0.565581
0.5656
0.565635
0.565641
0.565641
0.565646
0.565654
0.565655
0.565672
0.565677
0.565683
0.565691
0.565699
0.565699
0.565706
0.56571
0.565711
0.565714
0.565719
0.565727
0.56574
0.565747
0.565751
0.565756
0.565765
0.565776
0.565784
0.565785
0.565787
0.565799
0.565803
0.565825
0.565827
0.565834
0.565861
0.565861
0.565863
0.565886
0.565889
0.565892
0.565893
0.565896
0.565905
0.565908
0.565915
0.565918
0.565923
0.565927
0.565928
0.56593
0.56596
0.565961
0.565964
0.565966
0.565974
0.565986
0.565993
0.565999
0.566019
0.56602
0.566027
0.566034
0.566038
0.566046
0.566046
0.566051
0.566055
0.566055
0.56606
0.566064
0.566066
0.566074
0.566077
0.566084
0.566092
0.566101
0.566105
0.566114
0.566116
0.566116
0.566139
0.566165
0.566176
0.566183
0.566191
0.566208
0.566209
0.566209
0.56621
0.566212
0.566217
0.566258
0.566261
0.566261
0.566262
0.566268
0.566274
0.566286
0.566294
0.5663
0.566306
0.566309
0.566316
0.566324
0.566331
0.566332
0.566334
0.566338
0.566342
0.566343
0.566346
0.566353
0.566354
0.566363
0.566371
0.566378
0.566379
0.566399
0.566418
0.566419
0.566428
0.566429
0.566437
0.566445
0.566447
0.566448
0.56645
0.566453
0.56646
0.566467
0.566493
0.566508
0.566509
0.566512
0.566519
0.566522
0.566522
0.566522
0.566532
0.566532
0.566536
0.566568
0.56657
0.566577
0.566582
0.566592
0.566599
0.566602
0.566605
0.566629
0.566638
0.566638
0.566642
0.566645
0.56665
0.566657
0.566658
0.56666
0.566663
0.566667
0.566677
0.56668
0.5667
0.566702
0.566706
0.566707
0.566725
0.566739
0.566744
0.566746
0.566749
0.56675
0.56675
0.566756
0.566774
0.566774
0.566793
0.566806
0.566811
0.56684
0.56684
0.566852
0.566862
0.566864
0.566866
0.566885
0.566916
0.566926
0.566932
0.56694
0.566941
0.566958
0.566959
0.566969
0.56698
0.566986
0.566994
0.567005
0.567017
0.567018
0.567023
0.567042
0.567042
0.567045
0.567051
0.567062
0.567069
0.567069
0.567083
0.567094
0.567097
0.567098
0.567155
0.567159
0.567195
0.567204
0.567206
0.567212
0.56725
0.567269
0.567278
0.567295
0.567297
0.5673
0.567318
0.567332
0.567362
0.56739
0.567434
0.567506
0.567512
0.56755
0.567577
0.567581
0.567629
0.567632
0.567634
0.567656
0.567723
0.567746
0.567772
0.567797
0.567806
0.567817
0.567834
0.661389
0.661599
0.66183
0.661959
0.662043
0.662106
0.662126
0.662148
0.662157
0.662197
0.662271
0.662375
0.662378
0.662389
0.662452
0.662521
0.662584
0.662602
0.662628
0.662629
0.662633
0.662641
0.662651
0.662653
0.662658
0.662671
0.662678
0.662683
0.662694
0.662699
0.662712
0.66274
0.662763
0.66278
0.662792
0.662794
0.662826
0.66283
0.662834
0.662836
0.662843
0.662848
0.66285
0.662851
0.662871
0.662882
0.662893
0.662893
0.662894
0.662914
0.662915
0.662921
0.662928
0.662937
0.662961
0.662975
0.662975
0.662999
0.663004
0.663018
0.663032
0.663035
0.663038
0.663038
0.663038
0.663047
0.663048
0.66305
0.663051
0.663051
0.663058
0.663063
0.663072
0.663075
0.663076
0.663076
0.663079
0.663082
0.663094
0.663094
0.663096
0.663097
0.663109
0.663114
0.663115
0.663122
0.663123
0.663125
0.663137
0.663147
0.663152
0.663161
0.663165
0.663171
0.663176
0.663181
0.663183
0.663188
0.663202
0.663203
0.663221
0.663229
0.663231
0.663235
0.663244
0.663247
0.663249
0.663251
0.663255
0.663265
0.663265
0.663282
0.663282
0.663291
0.663294
0.6633
0.663312
0.663316
0.663325
0.663327
0.66333
0.663343
0.663348
0.663349
0.663353
0.663363
0.663364
0.663364
0.663364
0.663366
0.663367
0.663369
0.663374
0.663374
0.663383
0.663392
0.663396
0.663403
0.663413
0.663419
0.663421
0.663422
0.663435
0.663439
0.66344
0.663448
0.66345
0.663454
0.663455
0.66346
0.663469
0.66347
0.663476
0.663481
0.663481
0.663493
0.663493
0.663496
0.663496
0.6635
0.663506
0.66352
0.66352
0.663522
0.663525
0.663533
0.663534
0.663539
0.663541
0.663542
0.663542
0.663547
0.663548
0.663548
0.663555
0.663556
0.663556
0.663558
0.663564
0.663566
0.663567
0.663569
0.66357
0.663575
0.663577
0.663582
0.663587
0.663589
0.663594
0.663602
0.663605
0.663607
0.663608
0.663609
0.663617
0.663619
0.663621
0.663622
0.663622
0.663623
0.663632
0.66364
0.663642
0.663647
0.663649
0.663649
0.663649
0.663658
0.66366
0.663662
0.663666
0.66367
0.663674
0.663675
0.663684
0.663687
0.66369
0.6637
0.663701
0.663707
0.66371
0.663713
0.663727
0.663727
0.663731
0.663745
0.663747
0.663749
0.663751
0.663756
0.663761
0.663764
0.663768
0.663772
0.663776
0.663786
0.66379
0.663793
0.663794
0.663808
0.663814
0.663815
0.663816
0.663817
0.663818
0.663821
0.663823
0.663825
0.663837
0.663838
0.663841
0.663841
0.663843
0.663846
0.663847
0.663851
0.663853
0.663856
0.663864
0.663868
0.66387
0.663873
0.663874
0.66388
0.663883
0.663884
0.663886
0.663891
0.663892
0.663895
0.663896
0.663899
0.663903
0.663905
0.663906
0.663906
0.663906
0.663906
0.663908
0.663908
0.663913
0.663916
0.663917
0.663918
0.66392
0.663923
0.663925
0.663927
0.663935
0.663935
0.663936
0.663937
0.663937
0.663945
0.663948
0.663951
0.663952
0.663953
0.663955
0.663955
0.663956
0.663956
0.663962
0.663963
0.663976
0.663978
0.663978
0.663981
0.663982
0.66399
0.663991
0.663993
0.663993
0.663994
0.663994
0.663995
0.663995
0.663996
0.663998
0.663998
0.663999
0.663999
0.664002
0.664003
0.664004
0.664008
0.66401
0.664012
0.664012
0.664014
0.664018
0.664025
0.66403
0.664035
0.664038
0.664045
0.664046
0.664051
0.664053
0.66406
0.664067
0.664068
0.664072
0.664078
0.66408
0.664082
0.664084
0.664085
0.664086
0.664087
0.664094
0.664094
0.664095
0.664095
0.664097
0.6641
0.664101
0.664109
0.664111
0.664117
0.664122
0.664122
0.664124
0.664131
0.664132
0.664149
0.664151
0.664151
0.664156
0.664157
0.664158
0.664162
0.664163
0.664163
0.664166
0.664167
0.664169
0.66417
0.664174
0.664175
0.664175
0.664177
0.664179
0.664186
0.664189
0.664192
0.664197
0.664201
0.664201
0.664205
0.664209
0.664211
0.664221
0.664226
0.664232
0.664235
0.664239
0.66424
0.664241
0.664244
0.664245
0.664247
0.664251
0.664255
0.66426
0.66426
0.664265
0.664274
0.664277
0.664285
0.664289
0.664298
0.664301
0.664302
0.664302
0.664308
0.664316
0.664318
0.664323
0.664325
0.664334
0.664351
0.664352
0.664368
0.664373
0.664377
0.664377
0.664377
0.664384
0.664384
0.664394
0.664403
0.664407
0.664414
0.664419
0.66442
0.664426
0.664427
0.66443
0.664433
0.664446
0.664459
0.664461
0.664461
0.664462
0.664466
0.664466
0.664469
0.664469
0.66447
0.664473
0.664473
0.664474
0.664477
0.664484
0.664486
0.664488
0.664494
0.664504
0.664505
0.664511
0.664511
0.664516
0.664516
0.664517
0.664518
0.664524
0.664549
0.664563
0.664566
0.664572
0.664577
0.664578
0.664579
0.66458
0.664582
0.664582
0.664591
0.664594
0.664596
0.664604
0.664605
0.664607
0.664609
0.664614
0.664614
0.664625
0.664626
0.664628
0.664641
0.664645
0.664661
0.664663
0.664664
0.664664
0.664666
0.664687
0.66471
0.664713
0.664714
0.664721
0.664753
0.664759
0.664777
0.664786
0.664788
0.664863
0.560822
0.561455
0.561478
0.561539
0.561972
0.562246
0.562265
0.56231
0.562379
0.562451
0.562521
0.562528
0.562569
0.562649
0.562653
0.562723
0.562723
0.562779
0.562791
0.562792
0.562803
0.562837
0.562866
0.562967
0.562971
0.562975
0.562982
0.562999
0.563014
0.563025
0.563153
0.563155
0.563172
0.563181
0.563228
0.563229
0.563242
0.563257
0.563277
0.563288
0.563294
0.563307
0.563314
0.563315
0.563368
0.563414
0.563424
0.563454
0.563455
0.563477
0.563478
0.563489
0.563512
0.563521
0.563538
0.563544
0.563551
0.563569
0.563577
0.563589
0.563599
0.563612
0.563624
0.563633
0.563663
0.563669
0.563682
0.563694
0.563701
0.563754
0.563756
0.563767
0.56379
0.563841
0.563843
0.563858
0.56386
0.56388
0.563884
0.563915
0.56397
0.563971
0.563979
0.563992
0.563994
0.564001
0.564005
0.564024
0.56403
0.564049
0.564049
0.564066
0.564069
0.564076
0.564087
0.564113
0.564119
0.564126
0.564129
0.564135
0.56414
0.564149
0.564177
0.564178
0.564178
0.564183
0.564194
0.564201
0.564201
0.56421
0.564223
0.564245
0.56425
0.564253
0.564256
0.564261
0.564267
0.564333
0.564338
0.56434
0.564344
0.564353
0.564367
0.564369
0.564369
0.564379
0.56438
0.564381
0.564389
0.5644
0.564402
0.564403
0.564404
0.564412
0.564413
0.564423
0.564426
0.564434
0.564439
0.564439
0.564447
0.56445
0.564457
0.564472
0.564483
0.564494
0.564496
0.564498
0.564504
0.564523
0.564537
0.564542
0.564548
0.564555
0.56458
0.564581
0.564583
0.564604
0.564613
0.564617
0.564626
0.564636
0.564637
0.564638
0.564642
0.564651
0.564655
0.564656
0.564669
0.564669
0.564675
0.564695
0.564708
0.56471
0.564728
0.564732
0.564737
0.564764
0.564766
0.564775
0.564777
0.564785
0.564794
0.564795
0.564797
0.564812
0.564819
0.564831
0.564836
0.564852
0.564858
0.56488
0.564883
0.564904
0.564907
0.564928
0.564932
0.564958
0.564975
0.564979
0.564983
0.565022
0.565028
0.56503
0.565031
0.565032
0.565041
0.565048
0.565069
0.565081
0.565098
0.5651
0.565116
0.565116
0.565118
0.565129
0.565129
0.565134
0.565138
0.565148
0.565148
0.565158
0.565172
0.565187
0.565189
0.565202
0.565213
0.565216
0.565224
0.565239
0.565259
0.565269
0.56527
0.565271
0.565272
0.565278
0.565302
0.565305
0.565314
0.565318
0.565328
0.565371
0.565374
0.565376
0.56539
0.565392
0.565395
0.565401
0.565405
0.565424
0.565458
0.565465
0.565465
0.56547
0.565478
0.565479
0.565496
0.5655
0.565507
0.565515
0.565522
0.565523
0.56553
0.565534
0.565535
0.565538
0.565543
0.56555
0.565564
0.56557
0.565575
0.565579
0.565589
0.565599
0.565607
0.565609
0.565611
0.565623
0.565627
0.565649
0.565651
0.565657
0.565685
0.565685
0.565686
0.56571
0.565712
0.565716
0.565716
0.56572
0.565729
0.565731
0.565739
0.565742
0.565747
0.565751
0.565752
0.565754
0.565784
0.565785
0.565788
0.56579
0.565798
0.56581
0.565817
0.565822
0.565843
0.565843
0.565851
0.565858
0.565862
0.565869
0.56587
0.565875
0.565878
0.565878
0.565884
0.565888
0.56589
0.565898
0.565901
0.565908
0.565916
0.565924
0.565929
0.565938
0.56594
0.56594
0.565963
0.565989
0.565999
0.566007
0.566015
0.566032
0.566033
0.566033
0.566033
0.566036
0.566041
0.566082
0.566084
0.566085
0.566086
0.566091
0.566098
0.56611
0.566117
0.566124
0.56613
0.566133
0.56614
0.566148
0.566154
0.566156
0.566158
0.566162
0.566166
0.566167
0.566169
0.566177
0.566178
0.566187
0.566195
0.566202
0.566203
0.566223
0.566241
0.566243
0.566252
0.566253
0.566261
0.566269
0.56627
0.566271
0.566274
0.566276
0.566284
0.56629
0.566317
0.566332
0.566333
0.566336
0.566343
0.566345
0.566346
0.566346
0.566355
0.566356
0.56636
0.566391
0.566394
0.566401
0.566406
0.566416
0.566423
0.566426
0.566428
0.566453
0.566461
0.566462
0.566466
0.566469
0.566474
0.566481
0.566482
0.566484
0.566487
0.566491
0.566501
0.566504
0.566524
0.566526
0.56653
0.566531
0.566549
0.566563
0.566568
0.566569
0.566573
0.566573
0.566573
0.566579
0.566597
0.566597
0.566617
0.566629
0.566635
0.566664
0.566664
0.566676
0.566686
0.566688
0.566689
0.566709
0.56674
0.56675
0.566755
0.566763
0.566765
0.566781
0.566783
0.566793
0.566804
0.56681
0.566817
0.566829
0.56684
0.566841
0.566847
0.566865
0.566866
0.566869
0.566874
0.566886
0.566893
0.566893
0.566907
0.566917
0.56692
0.566922
0.566979
0.566983
0.567019
0.567028
0.56703
0.567036
0.567074
0.567093
0.567102
0.567119
0.567121
0.567124
0.567142
0.567156
0.567186
0.567214
0.567258
0.56733
0.567336
0.567373
0.567401
0.567405
0.567452
0.567455
0.567458
0.56748
0.567547
0.56757
0.567596
0.567621
0.567629
0.567641
0.567658
0.661369
0.661579
0.66181
0.661939
0.662023
0.662086
0.662106
0.662128
0.662137
0.662177
0.662251
0.662355
0.662358
0.662369
0.662432
0.662501
0.662564
0.662582
0.662608
0.662609
0.662613
0.662621
0.662631
0.662633
0.662638
0.662651
0.662658
0.662663
0.662674
0.662679
0.662692
0.66272
0.662743
0.66276
0.662772
0.662774
0.662806
0.66281
0.662814
0.662816
0.662823
0.662828
0.66283
0.662831
0.662851
0.662862
0.662873
0.662873
0.662874
0.662894
0.662895
0.662901
0.662908
0.662917
0.662941
0.662955
0.662955
0.662979
0.662984
0.662998
0.663012
0.663015
0.663018
0.663018
0.663018
0.663027
0.663028
0.66303
0.663031
0.663031
0.663038
0.663043
0.663052
0.663055
0.663056
0.663056
0.663059
0.663062
0.663074
0.663074
0.663076
0.663077
0.663089
0.663094
0.663094
0.663102
0.663103
0.663105
0.663117
0.663127
0.663132
0.663141
0.663145
0.663151
0.663155
0.663161
0.663163
0.663168
0.663182
0.663183
0.663201
0.663209
0.663211
0.663215
0.663224
0.663227
0.663229
0.663231
0.663235
0.663245
0.663245
0.663262
0.663262
0.663271
0.663274
0.66328
0.663292
0.663296
0.663305
0.663307
0.66331
0.663323
0.663329
0.663329
0.663333
0.663343
0.663344
0.663344
0.663344
0.663346
0.663347
0.663349
0.663354
0.663354
0.663363
0.663372
0.663376
0.663383
0.663393
0.663399
0.663401
0.663402
0.663415
0.663419
0.66342
0.663428
0.66343
0.663434
0.663435
0.66344
0.663449
0.66345
0.663456
0.663461
0.663461
0.663473
0.663473
0.663476
0.663476
0.66348
0.663486
0.6635
0.6635
0.663502
0.663505
0.663513
0.663514
0.663519
0.663521
0.663522
0.663522
0.663527
0.663528
0.663528
0.663535
0.663536
0.663536
0.663538
0.663544
0.663546
0.663547
0.663549
0.66355
0.663555
0.663557
0.663562
0.663567
0.663569
0.663574
0.663582
0.663585
0.663587
0.663588
0.663588
0.663597
0.663599
0.663601
0.663602
0.663602
0.663603
0.663612
0.66362
0.663622
0.663627
0.663629
0.663629
0.663629
0.663638
0.663639
0.663642
0.663646
0.66365
0.663654
0.663655
0.663664
0.663667
0.66367
0.66368
0.663681
0.663687
0.66369
0.663693
0.663707
0.663707
0.663711
0.663725
0.663727
0.663729
0.66373
0.663736
0.663741
0.663744
0.663748
0.663752
0.663756
0.663766
0.66377
0.663773
0.663774
0.663788
0.663794
0.663795
0.663796
0.663797
0.663798
0.663801
0.663802
0.663805
0.663817
0.663818
0.663821
0.663821
0.663823
0.663826
0.663827
0.663831
0.663833
0.663836
0.663844
0.663848
0.66385
0.663853
0.663854
0.66386
0.663863
0.663864
0.663866
0.663871
0.663872
0.663875
0.663876
0.663879
0.663883
0.663885
0.663886
0.663886
0.663886
0.663886
0.663888
0.663888
0.663893
0.663896
0.663897
0.663898
0.6639
0.663902
0.663905
0.663907
0.663914
0.663915
0.663916
0.663917
0.663917
0.663925
0.663928
0.663931
0.663932
0.663933
0.663935
0.663935
0.663936
0.663936
0.663942
0.663943
0.663956
0.663958
0.663958
0.663961
0.663962
0.66397
0.663971
0.663973
0.663973
0.663974
0.663974
0.663975
0.663975
0.663976
0.663978
0.663978
0.663979
0.663979
0.663982
0.663983
0.663983
0.663988
0.66399
0.663992
0.663992
0.663994
0.663998
0.664005
0.66401
0.664015
0.664018
0.664025
0.664026
0.664031
0.664033
0.66404
0.664047
0.664048
0.664052
0.664058
0.66406
0.664062
0.664064
0.664065
0.664066
0.664067
0.664074
0.664074
0.664075
0.664075
0.664077
0.66408
0.664081
0.664089
0.664091
0.664097
0.664102
0.664102
0.664104
0.664111
0.664112
0.664129
0.664131
0.664131
0.664136
0.664137
0.664138
0.664142
0.664143
0.664143
0.664146
0.664147
0.664149
0.664149
0.664154
0.664155
0.664155
0.664157
0.664159
0.664166
0.664169
0.664171
0.664177
0.664181
0.664181
0.664185
0.664189
0.664191
0.664201
0.664206
0.664212
0.664215
0.664219
0.66422
0.664221
0.664224
0.664225
0.664227
0.664231
0.664235
0.66424
0.66424
0.664245
0.664254
0.664257
0.664265
0.664269
0.664278
0.664281
0.664282
0.664282
0.664288
0.664296
0.664298
0.664303
0.664305
0.664314
0.664331
0.664332
0.664348
0.664352
0.664357
0.664357
0.664357
0.664364
0.664364
0.664373
0.664383
0.664387
0.664394
0.664399
0.6644
0.664406
0.664407
0.66441
0.664413
0.664426
0.664439
0.664441
0.664441
0.664442
0.664446
0.664446
0.664449
0.664449
0.66445
0.664453
0.664453
0.664454
0.664456
0.664464
0.664465
0.664468
0.664474
0.664484
0.664485
0.664491
0.664491
0.664496
0.664496
0.664497
0.664498
0.664504
0.664529
0.664542
0.664546
0.664552
0.664557
0.664558
0.664559
0.66456
0.664562
0.664562
0.664571
0.664574
0.664575
0.664584
0.664585
0.664587
0.664589
0.664594
0.664594
0.664605
0.664606
0.664608
0.664621
0.664625
0.664641
0.664642
0.664644
0.664644
0.664646
0.664667
0.66469
0.664693
0.664694
0.664701
0.664733
0.664739
0.664757
0.664766
0.664768
0.664843
0.560646
0.561279
0.561302
0.561363
0.561796
0.56207
0.562089
0.562134
0.562202
0.562275
0.562345
0.562351
0.562393
0.562473
0.562477
0.562547
0.562547
0.562602
0.562615
0.562616
0.562626
0.562661
0.562689
0.562791
0.562794
0.562799
0.562805
0.562823
0.562838
0.562849
0.562977
0.562978
0.562996
0.563005
0.563052
0.563052
0.563066
0.563081
0.5631
0.563112
0.563117
0.56313
0.563137
0.563139
0.563192
0.563238
0.563248
0.563278
0.563279
0.5633
0.563302
0.563313
0.563336
0.563344
0.563362
0.563368
0.563375
0.563393
0.5634
0.563413
0.563423
0.563435
0.563448
0.563457
0.563487
0.563492
0.563506
0.563518
0.563525
0.563577
0.56358
0.563591
0.563614
0.563664
0.563666
0.563682
0.563683
0.563704
0.563707
0.563738
0.563794
0.563795
0.563803
0.563815
0.563818
0.563825
0.563829
0.563848
0.563853
0.563872
0.563872
0.56389
0.563892
0.563899
0.563911
0.563937
0.563942
0.563949
0.563952
0.563959
0.563963
0.563972
0.564001
0.564001
0.564002
0.564007
0.564017
0.564024
0.564024
0.564033
0.564047
0.564069
0.564073
0.564076
0.564079
0.564084
0.564091
0.564157
0.564161
0.564164
0.564168
0.564177
0.564191
0.564193
0.564193
0.564203
0.564204
0.564205
0.564213
0.564224
0.564226
0.564226
0.564227
0.564236
0.564237
0.564247
0.564249
0.564258
0.564263
0.564263
0.564271
0.564273
0.564281
0.564296
0.564307
0.564318
0.56432
0.564322
0.564328
0.564346
0.564361
0.564366
0.564371
0.564379
0.564404
0.564405
0.564407
0.564428
0.564436
0.564441
0.56445
0.56446
0.564461
0.564461
0.564465
0.564474
0.564479
0.56448
0.564493
0.564493
0.564499
0.564519
0.564532
0.564533
0.564551
0.564555
0.564561
0.564587
0.564589
0.564599
0.564601
0.564609
0.564618
0.564618
0.564621
0.564635
0.564642
0.564654
0.56466
0.564676
0.564681
0.564704
0.564706
0.564728
0.56473
0.564751
0.564756
0.564782
0.564799
0.564802
0.564807
0.564846
0.564852
0.564854
0.564855
0.564856
0.564864
0.564871
0.564892
0.564904
0.564922
0.564923
0.564939
0.56494
0.564941
0.564952
0.564953
0.564957
0.564961
0.564971
0.564971
0.564981
0.564996
0.56501
0.565012
0.565026
0.565037
0.56504
0.565047
0.565062
0.565082
0.565092
0.565093
0.565095
0.565096
0.565102
0.565125
0.565129
0.565137
0.565142
0.565152
0.565195
0.565198
0.565199
0.565213
0.565215
0.565218
0.565224
0.565229
0.565247
0.565282
0.565288
0.565289
0.565294
0.565301
0.565303
0.56532
0.565324
0.56533
0.565339
0.565346
0.565347
0.565354
0.565357
0.565358
0.565361
0.565366
0.565374
0.565388
0.565394
0.565399
0.565403
0.565412
0.565423
0.565431
0.565432
0.565434
0.565447
0.565451
0.565472
0.565475
0.565481
0.565508
0.565508
0.56551
0.565533
0.565536
0.56554
0.56554
0.565543
0.565552
0.565555
0.565563
0.565565
0.565571
0.565574
0.565576
0.565577
0.565607
0.565608
0.565612
0.565614
0.565622
0.565633
0.56564
0.565646
0.565666
0.565667
0.565675
0.565681
0.565686
0.565693
0.565693
0.565699
0.565702
0.565702
0.565707
0.565712
0.565713
0.565722
0.565724
0.565731
0.56574
0.565748
0.565752
0.565762
0.565763
0.565764
0.565787
0.565812
0.565823
0.56583
0.565839
0.565856
0.565857
0.565857
0.565857
0.56586
0.565864
0.565905
0.565908
0.565908
0.56591
0.565915
0.565922
0.565933
0.565941
0.565948
0.565953
0.565957
0.565963
0.565972
0.565978
0.565979
0.565981
0.565986
0.565989
0.565991
0.565993
0.566
0.566001
0.56601
0.566019
0.566025
0.566026
0.566047
0.566065
0.566067
0.566075
0.566077
0.566085
0.566092
0.566094
0.566095
0.566097
0.5661
0.566107
0.566114
0.56614
0.566156
0.566157
0.56616
0.566166
0.566169
0.566169
0.56617
0.566179
0.566179
0.566183
0.566215
0.566218
0.566225
0.566229
0.566239
0.566247
0.56625
0.566252
0.566277
0.566285
0.566285
0.56629
0.566292
0.566298
0.566305
0.566305
0.566307
0.566311
0.566314
0.566324
0.566328
0.566348
0.56635
0.566354
0.566355
0.566372
0.566387
0.566392
0.566393
0.566397
0.566397
0.566397
0.566403
0.566421
0.566421
0.56644
0.566453
0.566458
0.566487
0.566488
0.5665
0.56651
0.566512
0.566513
0.566532
0.566564
0.566573
0.566579
0.566587
0.566589
0.566605
0.566607
0.566616
0.566627
0.566634
0.566641
0.566653
0.566664
0.566665
0.56667
0.566689
0.566689
0.566692
0.566698
0.56671
0.566716
0.566716
0.56673
0.566741
0.566744
0.566746
0.566802
0.566806
0.566843
0.566851
0.566853
0.566859
0.566897
0.566916
0.566926
0.566942
0.566945
0.566948
0.566966
0.566979
0.56701
0.567038
0.567082
0.567154
0.56716
0.567197
0.567225
0.567229
0.567276
0.567279
0.567282
0.567303
0.56737
0.567394
0.56742
0.567445
0.567453
0.567465
0.567482
0.661349
0.661559
0.66179
0.661919
0.662003
0.662066
0.662086
0.662108
0.662117
0.662157
0.662231
0.662335
0.662338
0.662349
0.662412
0.662481
0.662544
0.662562
0.662588
0.662589
0.662593
0.662601
0.662611
0.662613
0.662618
0.662631
0.662637
0.662643
0.662654
0.662659
0.662672
0.6627
0.662723
0.66274
0.662752
0.662754
0.662786
0.66279
0.662794
0.662796
0.662803
0.662808
0.66281
0.662811
0.662831
0.662842
0.662853
0.662853
0.662854
0.662874
0.662875
0.662881
0.662888
0.662897
0.662921
0.662935
0.662935
0.662959
0.662964
0.662978
0.662992
0.662995
0.662997
0.662998
0.662998
0.663007
0.663008
0.663009
0.663011
0.663011
0.663018
0.663023
0.663032
0.663035
0.663036
0.663036
0.663039
0.663042
0.663054
0.663054
0.663056
0.663057
0.663069
0.663073
0.663074
0.663082
0.663083
0.663085
0.663097
0.663107
0.663111
0.663121
0.663125
0.663131
0.663135
0.663141
0.663143
0.663148
0.663162
0.663163
0.663181
0.663189
0.663191
0.663194
0.663204
0.663207
0.663209
0.663211
0.663215
0.663225
0.663225
0.663242
0.663242
0.663251
0.663254
0.66326
0.663272
0.663276
0.663285
0.663287
0.66329
0.663303
0.663309
0.663309
0.663313
0.663323
0.663324
0.663324
0.663324
0.663326
0.663327
0.663329
0.663334
0.663334
0.663343
0.663352
0.663356
0.663363
0.663373
0.663379
0.663381
0.663382
0.663395
0.663399
0.6634
0.663408
0.66341
0.663414
0.663415
0.66342
0.663429
0.66343
0.663436
0.663441
0.663441
0.663453
0.663453
0.663456
0.663456
0.66346
0.663466
0.66348
0.66348
0.663482
0.663485
0.663493
0.663494
0.663499
0.663501
0.663502
0.663502
0.663507
0.663508
0.663508
0.663515
0.663516
0.663516
0.663517
0.663524
0.663526
0.663527
0.663529
0.663529
0.663535
0.663537
0.663542
0.663547
0.663549
0.663554
0.663562
0.663565
0.663567
0.663568
0.663568
0.663577
0.663579
0.663581
0.663582
0.663582
0.663583
0.663592
0.6636
0.663602
0.663607
0.663609
0.663609
0.663609
0.663618
0.663619
0.663622
0.663625
0.663629
0.663634
0.663635
0.663644
0.663647
0.66365
0.66366
0.66366
0.663667
0.66367
0.663673
0.663686
0.663687
0.663691
0.663705
0.663707
0.663709
0.66371
0.663716
0.663721
0.663724
0.663728
0.663731
0.663736
0.663746
0.66375
0.663753
0.663754
0.663768
0.663774
0.663775
0.663776
0.663777
0.663778
0.663781
0.663782
0.663785
0.663797
0.663798
0.663801
0.663801
0.663803
0.663806
0.663807
0.663811
0.663813
0.663816
0.663824
0.663828
0.66383
0.663833
0.663834
0.66384
0.663843
0.663844
0.663845
0.663851
0.663852
0.663855
0.663856
0.663859
0.663862
0.663864
0.663865
0.663866
0.663866
0.663866
0.663868
0.663868
0.663873
0.663876
0.663877
0.663878
0.66388
0.663882
0.663885
0.663887
0.663894
0.663895
0.663896
0.663897
0.663897
0.663905
0.663908
0.663911
0.663912
0.663913
0.663915
0.663915
0.663916
0.663916
0.663922
0.663923
0.663936
0.663938
0.663938
0.663941
0.663942
0.66395
0.663951
0.663953
0.663953
0.663953
0.663954
0.663955
0.663956
0.663956
0.663958
0.663958
0.663959
0.663959
0.663962
0.663963
0.663963
0.663968
0.66397
0.663971
0.663972
0.663974
0.663978
0.663985
0.66399
0.663995
0.663998
0.664005
0.664006
0.664011
0.664013
0.66402
0.664027
0.664028
0.664032
0.664038
0.66404
0.664042
0.664044
0.664045
0.664046
0.664047
0.664054
0.664054
0.664055
0.664055
0.664057
0.66406
0.66406
0.664069
0.664071
0.664077
0.664082
0.664082
0.664084
0.66409
0.664092
0.664109
0.664111
0.664111
0.664116
0.664117
0.664118
0.664122
0.664123
0.664123
0.664126
0.664127
0.664129
0.664129
0.664134
0.664135
0.664135
0.664137
0.664139
0.664146
0.664149
0.664151
0.664157
0.664161
0.664161
0.664165
0.664169
0.664171
0.664181
0.664186
0.664192
0.664195
0.664199
0.6642
0.664201
0.664204
0.664205
0.664207
0.664211
0.664215
0.664219
0.66422
0.664225
0.664234
0.664237
0.664245
0.664249
0.664257
0.664261
0.664261
0.664262
0.664268
0.664276
0.664278
0.664283
0.664285
0.664293
0.664311
0.664312
0.664328
0.664332
0.664337
0.664337
0.664337
0.664344
0.664344
0.664353
0.664362
0.664367
0.664374
0.664379
0.66438
0.664385
0.664387
0.66439
0.664392
0.664406
0.664418
0.664421
0.664421
0.664422
0.664425
0.664426
0.664429
0.664429
0.66443
0.664432
0.664433
0.664434
0.664436
0.664444
0.664445
0.664448
0.664454
0.664464
0.664465
0.66447
0.664471
0.664476
0.664476
0.664477
0.664478
0.664484
0.664509
0.664522
0.664526
0.664532
0.664537
0.664538
0.664539
0.66454
0.664542
0.664542
0.664551
0.664554
0.664555
0.664564
0.664565
0.664567
0.664569
0.664574
0.664574
0.664585
0.664586
0.664588
0.664601
0.664605
0.664621
0.664622
0.664623
0.664624
0.664626
0.664647
0.66467
0.664673
0.664673
0.664681
0.664713
0.664719
0.664737
0.664746
0.664748
0.664823
0.56047
0.561103
0.561125
0.561186
0.56162
0.561894
0.561913
0.561957
0.562026
0.562099
0.562169
0.562175
0.562217
0.562297
0.5623
0.56237
0.562371
0.562426
0.562438
0.562439
0.56245
0.562484
0.562513
0.562615
0.562618
0.562623
0.562629
0.562646
0.562661
0.562672
0.562801
0.562802
0.562819
0.562829
0.562875
0.562876
0.562889
0.562904
0.562924
0.562936
0.562941
0.562954
0.562961
0.562963
0.563016
0.563061
0.563072
0.563102
0.563103
0.563124
0.563125
0.563137
0.56316
0.563168
0.563185
0.563191
0.563198
0.563217
0.563224
0.563236
0.563246
0.563259
0.563272
0.563281
0.56331
0.563316
0.563329
0.563341
0.563349
0.563401
0.563404
0.563414
0.563437
0.563488
0.56349
0.563505
0.563507
0.563527
0.563531
0.563561
0.563617
0.563619
0.563627
0.563639
0.563641
0.563648
0.563653
0.563671
0.563677
0.563696
0.563696
0.563713
0.563716
0.563723
0.563735
0.56376
0.563766
0.563773
0.563776
0.563782
0.563787
0.563796
0.563824
0.563825
0.563826
0.56383
0.56384
0.563848
0.563848
0.563857
0.56387
0.563893
0.563897
0.5639
0.563903
0.563908
0.563914
0.56398
0.563985
0.563987
0.563991
0.564
0.564014
0.564016
0.564016
0.564027
0.564028
0.564028
0.564036
0.564047
0.564049
0.56405
0.564051
0.564059
0.56406
0.56407
0.564073
0.564082
0.564086
0.564086
0.564094
0.564097
0.564104
0.56412
0.56413
0.564141
0.564143
0.564145
0.564151
0.56417
0.564184
0.564189
0.564195
0.564202
0.564227
0.564228
0.56423
0.564251
0.56426
0.564264
0.564273
0.564283
0.564285
0.564285
0.564289
0.564298
0.564302
0.564303
0.564316
0.564316
0.564322
0.564342
0.564355
0.564357
0.564375
0.564379
0.564384
0.564411
0.564413
0.564422
0.564424
0.564432
0.564442
0.564442
0.564444
0.564459
0.564466
0.564478
0.564483
0.5645
0.564505
0.564527
0.56453
0.564551
0.564554
0.564575
0.564579
0.564605
0.564622
0.564626
0.56463
0.564669
0.564676
0.564678
0.564678
0.564679
0.564688
0.564695
0.564716
0.564728
0.564745
0.564747
0.564763
0.564763
0.564765
0.564776
0.564777
0.564781
0.564785
0.564795
0.564795
0.564805
0.564819
0.564834
0.564836
0.56485
0.56486
0.564863
0.564871
0.564886
0.564906
0.564916
0.564917
0.564918
0.56492
0.564925
0.564949
0.564952
0.564961
0.564966
0.564975
0.565018
0.565022
0.565023
0.565037
0.565039
0.565042
0.565048
0.565052
0.565071
0.565105
0.565112
0.565112
0.565118
0.565125
0.565126
0.565143
0.565147
0.565154
0.565162
0.565169
0.56517
0.565177
0.565181
0.565182
0.565185
0.56519
0.565197
0.565211
0.565217
0.565222
0.565226
0.565236
0.565246
0.565254
0.565256
0.565257
0.565271
0.565274
0.565296
0.565298
0.565304
0.565331
0.565332
0.565334
0.565357
0.565359
0.565363
0.565363
0.565367
0.565376
0.565379
0.565386
0.565389
0.565394
0.565398
0.565399
0.565401
0.565431
0.565432
0.565435
0.565437
0.565445
0.565457
0.565464
0.565469
0.565489
0.56549
0.565498
0.565504
0.565509
0.565516
0.565517
0.565522
0.565525
0.565526
0.565531
0.565535
0.565537
0.565545
0.565548
0.565555
0.565563
0.565571
0.565576
0.565585
0.565586
0.565588
0.56561
0.565635
0.565646
0.565654
0.565662
0.565679
0.56568
0.56568
0.56568
0.565683
0.565688
0.565729
0.565731
0.565732
0.565733
0.565739
0.565746
0.565757
0.565764
0.565771
0.565777
0.56578
0.565787
0.565795
0.565802
0.565803
0.565805
0.565809
0.565813
0.565814
0.565816
0.565823
0.565825
0.565834
0.565842
0.565849
0.56585
0.56587
0.565889
0.56589
0.565899
0.565901
0.565908
0.565916
0.565917
0.565918
0.565921
0.565923
0.565931
0.565937
0.565964
0.565979
0.56598
0.565983
0.56599
0.565993
0.565993
0.565993
0.566002
0.566003
0.566007
0.566038
0.566041
0.566048
0.566053
0.566063
0.56607
0.566073
0.566075
0.5661
0.566109
0.566109
0.566113
0.566116
0.566121
0.566128
0.566129
0.56613
0.566134
0.566138
0.566148
0.566151
0.566171
0.566173
0.566177
0.566178
0.566196
0.566211
0.566215
0.566216
0.56622
0.56622
0.56622
0.566226
0.566244
0.566245
0.566264
0.566276
0.566282
0.566311
0.566311
0.566323
0.566334
0.566335
0.566336
0.566356
0.566387
0.566396
0.566402
0.56641
0.566413
0.566428
0.56643
0.56644
0.566451
0.566457
0.566464
0.566476
0.566488
0.566488
0.566494
0.566512
0.566513
0.566516
0.566521
0.566533
0.56654
0.56654
0.566554
0.566564
0.566567
0.566569
0.566626
0.56663
0.566666
0.566675
0.566677
0.566683
0.566721
0.56674
0.566749
0.566766
0.566768
0.566771
0.566789
0.566803
0.566833
0.566861
0.566905
0.566977
0.566983
0.567021
0.567048
0.567052
0.5671
0.567103
0.567105
0.567127
0.567194
0.567217
0.567243
0.567268
0.567277
0.567289
0.567305
0.661329
0.661539
0.66177
0.661899
0.661983
0.662046
0.662066
0.662088
0.662097
0.662137
0.662211
0.662315
0.662318
0.662329
0.662392
0.662461
0.662524
0.662542
0.662568
0.662569
0.662573
0.662581
0.662591
0.662593
0.662598
0.662611
0.662617
0.662623
0.662634
0.662639
0.662652
0.66268
0.662703
0.66272
0.662732
0.662734
0.662766
0.66277
0.662774
0.662776
0.662783
0.662788
0.66279
0.662791
0.662811
0.662822
0.662833
0.662833
0.662834
0.662854
0.662855
0.662861
0.662868
0.662877
0.662901
0.662915
0.662915
0.662939
0.662944
0.662958
0.662972
0.662975
0.662977
0.662978
0.662978
0.662987
0.662988
0.662989
0.662991
0.662991
0.662998
0.663002
0.663012
0.663015
0.663016
0.663016
0.663019
0.663022
0.663034
0.663034
0.663036
0.663037
0.663049
0.663053
0.663054
0.663062
0.663063
0.663065
0.663077
0.663087
0.663091
0.663101
0.663105
0.663111
0.663115
0.663121
0.663123
0.663128
0.663142
0.663143
0.663161
0.663169
0.663171
0.663174
0.663184
0.663187
0.663189
0.663191
0.663195
0.663205
0.663205
0.663222
0.663222
0.663231
0.663234
0.66324
0.663252
0.663256
0.663265
0.663267
0.66327
0.663283
0.663289
0.663289
0.663293
0.663303
0.663304
0.663304
0.663304
0.663306
0.663307
0.663309
0.663314
0.663314
0.663323
0.663332
0.663336
0.663343
0.663353
0.663359
0.663361
0.663362
0.663375
0.663379
0.66338
0.663388
0.66339
0.663393
0.663395
0.6634
0.663409
0.66341
0.663415
0.66342
0.663421
0.663433
0.663433
0.663435
0.663436
0.66344
0.663446
0.66346
0.66346
0.663462
0.663465
0.663473
0.663474
0.663479
0.663481
0.663482
0.663482
0.663487
0.663488
0.663488
0.663495
0.663495
0.663496
0.663497
0.663503
0.663506
0.663507
0.663509
0.663509
0.663515
0.663517
0.663522
0.663527
0.663529
0.663534
0.663542
0.663545
0.663547
0.663548
0.663548
0.663557
0.663559
0.663561
0.663562
0.663562
0.663563
0.663572
0.66358
0.663582
0.663587
0.663589
0.663589
0.663589
0.663598
0.663599
0.663602
0.663605
0.663609
0.663614
0.663615
0.663624
0.663627
0.66363
0.66364
0.66364
0.663647
0.66365
0.663653
0.663666
0.663667
0.663671
0.663685
0.663687
0.663689
0.66369
0.663696
0.6637
0.663704
0.663708
0.663711
0.663716
0.663726
0.66373
0.663733
0.663734
0.663748
0.663753
0.663755
0.663756
0.663757
0.663758
0.663761
0.663762
0.663765
0.663777
0.663778
0.663781
0.663781
0.663783
0.663786
0.663787
0.663791
0.663793
0.663796
0.663804
0.663808
0.66381
0.663813
0.663814
0.66382
0.663822
0.663824
0.663825
0.663831
0.663832
0.663835
0.663836
0.663839
0.663842
0.663844
0.663845
0.663846
0.663846
0.663846
0.663848
0.663848
0.663853
0.663856
0.663857
0.663858
0.66386
0.663862
0.663865
0.663867
0.663874
0.663875
0.663876
0.663877
0.663877
0.663885
0.663888
0.663891
0.663892
0.663893
0.663895
0.663895
0.663896
0.663896
0.663902
0.663903
0.663916
0.663918
0.663918
0.663921
0.663922
0.66393
0.663931
0.663933
0.663933
0.663933
0.663934
0.663935
0.663936
0.663936
0.663938
0.663938
0.663938
0.663939
0.663942
0.663943
0.663943
0.663948
0.66395
0.663951
0.663951
0.663954
0.663958
0.663964
0.66397
0.663975
0.663978
0.663985
0.663986
0.663991
0.663993
0.664
0.664007
0.664008
0.664011
0.664018
0.66402
0.664022
0.664024
0.664025
0.664026
0.664027
0.664034
0.664034
0.664035
0.664035
0.664037
0.66404
0.66404
0.664049
0.664051
0.664057
0.664062
0.664062
0.664064
0.66407
0.664072
0.664089
0.664091
0.664091
0.664096
0.664097
0.664098
0.664102
0.664103
0.664103
0.664106
0.664107
0.664109
0.664109
0.664113
0.664115
0.664115
0.664117
0.664119
0.664126
0.664129
0.664131
0.664137
0.664141
0.664141
0.664145
0.664149
0.664151
0.664161
0.664166
0.664172
0.664175
0.664179
0.66418
0.664181
0.664183
0.664185
0.664187
0.664191
0.664195
0.664199
0.6642
0.664205
0.664214
0.664217
0.664225
0.664228
0.664237
0.664241
0.664241
0.664242
0.664248
0.664256
0.664258
0.664263
0.664265
0.664273
0.664291
0.664292
0.664308
0.664312
0.664316
0.664317
0.664317
0.664324
0.664324
0.664333
0.664342
0.664347
0.664354
0.664359
0.66436
0.664365
0.664367
0.66437
0.664372
0.664386
0.664398
0.664401
0.664401
0.664402
0.664405
0.664406
0.664409
0.664409
0.66441
0.664412
0.664413
0.664414
0.664416
0.664424
0.664425
0.664428
0.664434
0.664444
0.664445
0.66445
0.664451
0.664456
0.664456
0.664457
0.664457
0.664464
0.664489
0.664502
0.664506
0.664512
0.664517
0.664518
0.664519
0.66452
0.664522
0.664522
0.664531
0.664534
0.664535
0.664544
0.664545
0.664547
0.664549
0.664554
0.664554
0.664565
0.664566
0.664568
0.66458
0.664585
0.664601
0.664602
0.664603
0.664604
0.664606
0.664627
0.66465
0.664652
0.664653
0.66466
0.664692
0.664699
0.664717
0.664725
0.664728
0.664803
0.560293
0.560927
0.560949
0.56101
0.561443
0.561717
0.561736
0.561781
0.561849
0.561922
0.561992
0.561998
0.56204
0.56212
0.562124
0.562194
0.562195
0.562249
0.562262
0.562263
0.562273
0.562308
0.562336
0.562438
0.562442
0.562447
0.562453
0.56247
0.562485
0.562495
0.562624
0.562625
0.562643
0.562652
0.562699
0.562699
0.562713
0.562728
0.562747
0.56276
0.562764
0.562777
0.562784
0.562787
0.562839
0.562884
0.562895
0.562925
0.562926
0.562947
0.562949
0.56296
0.562983
0.562991
0.563008
0.563015
0.563022
0.56304
0.563048
0.563059
0.563069
0.563082
0.563095
0.563104
0.563134
0.563139
0.563153
0.563164
0.563172
0.563224
0.563227
0.563237
0.563261
0.563311
0.563313
0.563329
0.56333
0.563351
0.563355
0.563385
0.563441
0.563442
0.56345
0.563462
0.563465
0.563472
0.563476
0.563495
0.5635
0.563519
0.563519
0.563537
0.563539
0.563546
0.563558
0.563583
0.563589
0.563596
0.563599
0.563606
0.56361
0.563619
0.563647
0.563648
0.56365
0.563653
0.563664
0.563671
0.563671
0.56368
0.563693
0.563716
0.56372
0.563723
0.563726
0.563731
0.563738
0.563803
0.563808
0.563811
0.563815
0.563824
0.563838
0.56384
0.56384
0.56385
0.563851
0.563852
0.56386
0.563871
0.563873
0.563873
0.563874
0.563882
0.563884
0.563894
0.563896
0.563905
0.563909
0.56391
0.563918
0.56392
0.563927
0.563943
0.563954
0.563964
0.563967
0.563969
0.563974
0.563993
0.564008
0.564012
0.564018
0.564026
0.56405
0.564052
0.564054
0.564074
0.564083
0.564088
0.564097
0.564107
0.564108
0.564108
0.564112
0.564121
0.564126
0.564127
0.56414
0.56414
0.564145
0.564166
0.564179
0.56418
0.564198
0.564202
0.564208
0.564234
0.564236
0.564246
0.564247
0.564255
0.564265
0.564265
0.564268
0.564282
0.564289
0.564301
0.564306
0.564323
0.564328
0.56435
0.564353
0.564374
0.564377
0.564398
0.564403
0.564429
0.564446
0.564449
0.564454
0.564493
0.564499
0.564501
0.564501
0.564502
0.564511
0.564518
0.564539
0.564551
0.564568
0.56457
0.564586
0.564586
0.564588
0.564599
0.5646
0.564604
0.564608
0.564618
0.564618
0.564628
0.564643
0.564657
0.564659
0.564673
0.564683
0.564687
0.564694
0.564709
0.564729
0.564739
0.56474
0.564742
0.564743
0.564748
0.564772
0.564776
0.564784
0.564789
0.564799
0.564842
0.564845
0.564846
0.56486
0.564862
0.564865
0.564871
0.564876
0.564894
0.564929
0.564935
0.564935
0.564941
0.564948
0.56495
0.564966
0.564971
0.564977
0.564986
0.564993
0.564994
0.565
0.565004
0.565005
0.565008
0.565013
0.565021
0.565035
0.565041
0.565045
0.56505
0.565059
0.565069
0.565078
0.565079
0.565081
0.565094
0.565097
0.565119
0.565121
0.565128
0.565155
0.565155
0.565157
0.56518
0.565182
0.565186
0.565187
0.56519
0.565199
0.565202
0.565209
0.565212
0.565218
0.565221
0.565222
0.565224
0.565254
0.565255
0.565259
0.56526
0.565268
0.56528
0.565287
0.565292
0.565312
0.565314
0.565322
0.565328
0.565333
0.565339
0.56534
0.565345
0.565348
0.565349
0.565354
0.565359
0.56536
0.565369
0.565371
0.565378
0.565387
0.565395
0.565399
0.565408
0.56541
0.565411
0.565434
0.565459
0.56547
0.565477
0.565486
0.565503
0.565503
0.565503
0.565504
0.565507
0.565511
0.565552
0.565555
0.565555
0.565557
0.565562
0.565569
0.56558
0.565587
0.565594
0.5656
0.565603
0.56561
0.565619
0.565625
0.565626
0.565628
0.565632
0.565636
0.565637
0.565639
0.565647
0.565648
0.565657
0.565665
0.565672
0.565673
0.565693
0.565712
0.565713
0.565722
0.565724
0.565731
0.565739
0.56574
0.565742
0.565744
0.565747
0.565754
0.565761
0.565787
0.565802
0.565804
0.565807
0.565813
0.565816
0.565816
0.565817
0.565826
0.565826
0.56583
0.565861
0.565864
0.565871
0.565876
0.565886
0.565893
0.565897
0.565899
0.565923
0.565932
0.565932
0.565936
0.565939
0.565945
0.565951
0.565952
0.565954
0.565957
0.565961
0.565971
0.565975
0.565995
0.565997
0.566
0.566001
0.566019
0.566034
0.566038
0.56604
0.566043
0.566044
0.566044
0.56605
0.566068
0.566068
0.566087
0.566099
0.566105
0.566134
0.566134
0.566146
0.566157
0.566158
0.566159
0.566179
0.56621
0.56622
0.566226
0.566233
0.566236
0.566252
0.566253
0.566263
0.566274
0.56628
0.566288
0.566299
0.566311
0.566311
0.566317
0.566336
0.566336
0.566339
0.566345
0.566356
0.566363
0.566363
0.566377
0.566388
0.566391
0.566393
0.566449
0.566453
0.56649
0.566498
0.5665
0.566506
0.566544
0.566563
0.566573
0.566589
0.566591
0.566594
0.566612
0.566626
0.566656
0.566684
0.566728
0.566801
0.566806
0.566844
0.566871
0.566876
0.566923
0.566926
0.566929
0.56695
0.567017
0.567041
0.567067
0.567092
0.5671
0.567112
0.567128
0.661309
0.661519
0.66175
0.661879
0.661963
0.662026
0.662046
0.662068
0.662077
0.662117
0.662191
0.662295
0.662298
0.662309
0.662372
0.662441
0.662504
0.662522
0.662548
0.662549
0.662553
0.662561
0.662571
0.662573
0.662578
0.662591
0.662597
0.662603
0.662614
0.662619
0.662632
0.66266
0.662683
0.662699
0.662712
0.662714
0.662746
0.66275
0.662754
0.662756
0.662763
0.662768
0.66277
0.662771
0.662791
0.662802
0.662813
0.662813
0.662814
0.662834
0.662835
0.662841
0.662848
0.662856
0.662881
0.662895
0.662895
0.662919
0.662924
0.662938
0.662952
0.662955
0.662957
0.662958
0.662958
0.662967
0.662968
0.662969
0.662971
0.662971
0.662978
0.662982
0.662992
0.662995
0.662996
0.662996
0.662999
0.663002
0.663014
0.663014
0.663016
0.663017
0.663029
0.663033
0.663034
0.663042
0.663043
0.663045
0.663057
0.663067
0.663071
0.663081
0.663085
0.663091
0.663095
0.663101
0.663103
0.663108
0.663122
0.663123
0.663141
0.663149
0.663151
0.663154
0.663164
0.663167
0.663169
0.663171
0.663175
0.663185
0.663185
0.663202
0.663202
0.663211
0.663214
0.66322
0.663232
0.663236
0.663245
0.663247
0.66325
0.663263
0.663269
0.663269
0.663273
0.663283
0.663284
0.663284
0.663284
0.663286
0.663287
0.663289
0.663294
0.663294
0.663303
0.663312
0.663316
0.663323
0.663333
0.663339
0.663341
0.663341
0.663355
0.663359
0.66336
0.663368
0.66337
0.663373
0.663375
0.66338
0.663389
0.66339
0.663395
0.6634
0.663401
0.663413
0.663413
0.663415
0.663416
0.66342
0.663426
0.66344
0.66344
0.663442
0.663445
0.663453
0.663454
0.663459
0.663461
0.663462
0.663462
0.663467
0.663468
0.663468
0.663475
0.663475
0.663476
0.663477
0.663483
0.663486
0.663486
0.663489
0.663489
0.663494
0.663497
0.663502
0.663506
0.663509
0.663514
0.663522
0.663525
0.663527
0.663528
0.663528
0.663537
0.663539
0.663541
0.663542
0.663542
0.663543
0.663552
0.66356
0.663562
0.663567
0.663569
0.663569
0.663569
0.663578
0.663579
0.663582
0.663585
0.663589
0.663594
0.663595
0.663604
0.663607
0.66361
0.66362
0.66362
0.663627
0.66363
0.663633
0.663646
0.663647
0.663651
0.663665
0.663667
0.663669
0.66367
0.663676
0.66368
0.663684
0.663688
0.663691
0.663695
0.663706
0.66371
0.663713
0.663714
0.663728
0.663733
0.663735
0.663736
0.663737
0.663738
0.663741
0.663742
0.663745
0.663757
0.663758
0.663761
0.663761
0.663763
0.663766
0.663767
0.663771
0.663772
0.663776
0.663784
0.663788
0.66379
0.663793
0.663794
0.6638
0.663802
0.663803
0.663805
0.663811
0.663812
0.663815
0.663816
0.663819
0.663822
0.663824
0.663825
0.663826
0.663826
0.663826
0.663828
0.663828
0.663833
0.663836
0.663837
0.663838
0.66384
0.663842
0.663845
0.663847
0.663854
0.663855
0.663856
0.663857
0.663857
0.663865
0.663868
0.663871
0.663872
0.663873
0.663875
0.663875
0.663875
0.663876
0.663882
0.663883
0.663896
0.663898
0.663898
0.663901
0.663902
0.66391
0.663911
0.663913
0.663913
0.663913
0.663914
0.663915
0.663916
0.663916
0.663918
0.663918
0.663918
0.663919
0.663922
0.663922
0.663923
0.663928
0.66393
0.663931
0.663931
0.663934
0.663938
0.663944
0.66395
0.663955
0.663958
0.663965
0.663966
0.663971
0.663973
0.66398
0.663987
0.663988
0.663991
0.663998
0.664
0.664002
0.664004
0.664005
0.664006
0.664007
0.664014
0.664014
0.664015
0.664015
0.664017
0.66402
0.66402
0.664029
0.66403
0.664037
0.664042
0.664042
0.664044
0.66405
0.664052
0.664069
0.664071
0.664071
0.664076
0.664076
0.664078
0.664081
0.664083
0.664083
0.664086
0.664087
0.664089
0.664089
0.664093
0.664095
0.664095
0.664097
0.664099
0.664105
0.664109
0.664111
0.664117
0.664121
0.664121
0.664125
0.664128
0.664131
0.664141
0.664146
0.664152
0.664155
0.664158
0.664159
0.664161
0.664163
0.664165
0.664167
0.664171
0.664175
0.664179
0.66418
0.664185
0.664194
0.664197
0.664205
0.664208
0.664217
0.664221
0.664221
0.664222
0.664227
0.664236
0.664238
0.664243
0.664245
0.664253
0.664271
0.664272
0.664288
0.664292
0.664296
0.664297
0.664297
0.664303
0.664304
0.664313
0.664322
0.664327
0.664334
0.664339
0.66434
0.664345
0.664347
0.66435
0.664352
0.664366
0.664378
0.664381
0.664381
0.664382
0.664385
0.664386
0.664389
0.664389
0.66439
0.664392
0.664392
0.664394
0.664396
0.664403
0.664405
0.664408
0.664414
0.664424
0.664425
0.66443
0.664431
0.664436
0.664436
0.664437
0.664437
0.664444
0.664468
0.664482
0.664486
0.664492
0.664497
0.664498
0.664499
0.6645
0.664501
0.664502
0.66451
0.664514
0.664515
0.664524
0.664525
0.664527
0.664529
0.664533
0.664534
0.664545
0.664546
0.664548
0.66456
0.664565
0.664581
0.664582
0.664583
0.664584
0.664586
0.664607
0.66463
0.664632
0.664633
0.66464
0.664672
0.664679
0.664697
0.664705
0.664708
0.664783
0.560117
0.56075
0.560772
0.560833
0.561267
0.561541
0.56156
0.561604
0.561673
0.561746
0.561816
0.561821
0.561863
0.561943
0.561948
0.562017
0.562018
0.562073
0.562085
0.562086
0.562096
0.562131
0.56216
0.562262
0.562265
0.56227
0.562276
0.562293
0.562308
0.562319
0.562447
0.562448
0.562466
0.562476
0.562522
0.562523
0.562536
0.562551
0.56257
0.562583
0.562588
0.562601
0.562608
0.56261
0.562663
0.562708
0.562719
0.562749
0.562749
0.56277
0.562772
0.562784
0.562806
0.562814
0.562832
0.562838
0.562845
0.562863
0.562871
0.562883
0.562892
0.562905
0.562918
0.562927
0.562957
0.562962
0.562976
0.562988
0.562996
0.563047
0.563051
0.563061
0.563084
0.563135
0.563136
0.563152
0.563153
0.563174
0.563178
0.563208
0.563264
0.563266
0.563274
0.563285
0.563288
0.563295
0.563299
0.563318
0.563324
0.563342
0.563342
0.56336
0.563362
0.563369
0.563381
0.563406
0.563412
0.563419
0.563422
0.563429
0.563434
0.563442
0.56347
0.563471
0.563473
0.563477
0.563487
0.563494
0.563495
0.563503
0.563517
0.563539
0.563544
0.563547
0.563549
0.563554
0.563561
0.563627
0.563632
0.563634
0.563638
0.563647
0.563661
0.563663
0.563663
0.563673
0.563674
0.563675
0.563683
0.563694
0.563696
0.563696
0.563697
0.563706
0.563707
0.563717
0.563719
0.563729
0.563732
0.563733
0.563741
0.563743
0.563751
0.563767
0.563777
0.563787
0.56379
0.563792
0.563798
0.563817
0.563831
0.563835
0.563842
0.563849
0.563874
0.563875
0.563877
0.563897
0.563906
0.563911
0.56392
0.56393
0.563931
0.563931
0.563935
0.563944
0.563949
0.56395
0.563963
0.563963
0.563969
0.563989
0.564002
0.564004
0.564021
0.564026
0.564031
0.564057
0.564059
0.564069
0.56407
0.564078
0.564088
0.564088
0.564091
0.564106
0.564113
0.564124
0.56413
0.564146
0.564151
0.564174
0.564176
0.564197
0.564201
0.564221
0.564226
0.564252
0.564269
0.564273
0.564277
0.564316
0.564322
0.564324
0.564325
0.564325
0.564334
0.564341
0.564362
0.564374
0.564392
0.564393
0.56441
0.56441
0.564411
0.564422
0.564423
0.564427
0.564431
0.564441
0.564441
0.564451
0.564466
0.564481
0.564482
0.564496
0.564507
0.56451
0.564517
0.564532
0.564552
0.564562
0.564563
0.564565
0.564566
0.564572
0.564595
0.564599
0.564607
0.564612
0.564622
0.564665
0.564668
0.564669
0.564683
0.564685
0.564688
0.564694
0.564699
0.564717
0.564752
0.564758
0.564759
0.564764
0.564771
0.564773
0.56479
0.564794
0.5648
0.564809
0.564816
0.564817
0.564823
0.564827
0.564828
0.564831
0.564836
0.564844
0.564858
0.564864
0.564868
0.564873
0.564883
0.564893
0.564901
0.564902
0.564904
0.564917
0.56492
0.564942
0.564945
0.564951
0.564978
0.564978
0.56498
0.565003
0.565005
0.56501
0.56501
0.565013
0.565022
0.565025
0.565032
0.565035
0.565041
0.565044
0.565046
0.565047
0.565077
0.565078
0.565082
0.565084
0.565091
0.565103
0.56511
0.565115
0.565136
0.565137
0.565145
0.565151
0.565156
0.565163
0.565163
0.565169
0.565171
0.565172
0.565177
0.565182
0.565183
0.565192
0.565194
0.565201
0.56521
0.565218
0.565222
0.565232
0.565233
0.565234
0.565257
0.565282
0.565293
0.5653
0.565309
0.565326
0.565326
0.565327
0.565327
0.56533
0.565334
0.565375
0.565378
0.565379
0.56538
0.565385
0.565392
0.565403
0.565411
0.565418
0.565424
0.565427
0.565433
0.565442
0.565449
0.565449
0.565451
0.565455
0.565459
0.565461
0.565462
0.56547
0.565471
0.56548
0.565489
0.565495
0.565496
0.565516
0.565535
0.565536
0.565545
0.565547
0.565554
0.565562
0.565563
0.565565
0.565567
0.56557
0.565577
0.565584
0.56561
0.565625
0.565627
0.56563
0.565636
0.565639
0.565639
0.56564
0.565649
0.565649
0.565653
0.565685
0.565687
0.565695
0.565699
0.565709
0.565716
0.56572
0.565722
0.565747
0.565755
0.565755
0.565759
0.565762
0.565768
0.565774
0.565775
0.565777
0.56578
0.565784
0.565794
0.565798
0.565818
0.56582
0.565823
0.565825
0.565842
0.565857
0.565862
0.565863
0.565867
0.565867
0.565867
0.565873
0.565891
0.565891
0.56591
0.565923
0.565928
0.565957
0.565958
0.565969
0.56598
0.565981
0.565983
0.566002
0.566033
0.566043
0.566049
0.566057
0.566059
0.566075
0.566077
0.566086
0.566097
0.566103
0.566111
0.566123
0.566134
0.566135
0.56614
0.566159
0.566159
0.566162
0.566168
0.566179
0.566186
0.566187
0.5662
0.566211
0.566214
0.566216
0.566272
0.566276
0.566313
0.566321
0.566323
0.566329
0.566367
0.566386
0.566396
0.566412
0.566415
0.566418
0.566436
0.566449
0.56648
0.566507
0.566551
0.566624
0.56663
0.566667
0.566694
0.566699
0.566746
0.566749
0.566752
0.566774
0.56684
0.566864
0.56689
0.566915
0.566923
0.566935
0.566952
0.661289
0.661499
0.66173
0.661859
0.661943
0.662006
0.662026
0.662048
0.662057
0.662097
0.662171
0.662275
0.662278
0.662289
0.662352
0.662421
0.662484
0.662502
0.662528
0.662529
0.662533
0.662541
0.662551
0.662553
0.662558
0.662571
0.662577
0.662583
0.662594
0.662599
0.662612
0.66264
0.662663
0.662679
0.662692
0.662694
0.662726
0.66273
0.662734
0.662736
0.662743
0.662747
0.66275
0.662751
0.662771
0.662782
0.662793
0.662793
0.662794
0.662814
0.662815
0.662821
0.662828
0.662836
0.662861
0.662875
0.662875
0.662899
0.662904
0.662918
0.662932
0.662935
0.662937
0.662938
0.662938
0.662947
0.662948
0.662949
0.662951
0.662951
0.662958
0.662962
0.662972
0.662975
0.662976
0.662976
0.662979
0.662982
0.662994
0.662994
0.662996
0.662997
0.663009
0.663013
0.663014
0.663022
0.663023
0.663025
0.663037
0.663047
0.663051
0.663061
0.663065
0.663071
0.663075
0.663081
0.663084
0.663088
0.663102
0.663103
0.663121
0.663129
0.663131
0.663134
0.663144
0.663147
0.663149
0.663151
0.663155
0.663165
0.663165
0.663182
0.663182
0.66319
0.663194
0.6632
0.663212
0.663216
0.663225
0.663227
0.66323
0.663243
0.663249
0.663249
0.663253
0.663263
0.663264
0.663264
0.663264
0.663266
0.663267
0.663269
0.663274
0.663274
0.663283
0.663292
0.663297
0.663302
0.663313
0.663319
0.663321
0.663321
0.663335
0.663339
0.66334
0.663348
0.66335
0.663353
0.663355
0.66336
0.663369
0.663369
0.663375
0.66338
0.663381
0.663393
0.663393
0.663395
0.663396
0.6634
0.663406
0.66342
0.66342
0.663422
0.663425
0.663433
0.663434
0.663439
0.663441
0.663442
0.663442
0.663447
0.663448
0.663448
0.663455
0.663455
0.663456
0.663457
0.663463
0.663465
0.663466
0.663469
0.663469
0.663474
0.663477
0.663482
0.663486
0.663489
0.663494
0.663502
0.663505
0.663507
0.663508
0.663508
0.663517
0.66352
0.663521
0.663522
0.663522
0.663523
0.663532
0.66354
0.663542
0.663547
0.663549
0.663549
0.663549
0.663558
0.663559
0.663562
0.663565
0.663569
0.663574
0.663575
0.663584
0.663587
0.66359
0.6636
0.6636
0.663607
0.66361
0.663613
0.663626
0.663627
0.663631
0.663645
0.663646
0.663649
0.66365
0.663656
0.66366
0.663664
0.663668
0.663671
0.663675
0.663686
0.663689
0.663693
0.663694
0.663708
0.663713
0.663715
0.663716
0.663717
0.663718
0.663721
0.663722
0.663725
0.663737
0.663738
0.66374
0.663741
0.663743
0.663746
0.663747
0.663751
0.663752
0.663756
0.663764
0.663768
0.66377
0.663773
0.663773
0.66378
0.663782
0.663783
0.663785
0.663791
0.663792
0.663795
0.663796
0.663799
0.663802
0.663804
0.663805
0.663806
0.663806
0.663806
0.663807
0.663808
0.663813
0.663816
0.663817
0.663818
0.66382
0.663822
0.663825
0.663827
0.663834
0.663835
0.663836
0.663837
0.663837
0.663844
0.663848
0.663851
0.663852
0.663853
0.663855
0.663855
0.663855
0.663856
0.663862
0.663863
0.663875
0.663877
0.663878
0.663881
0.663882
0.66389
0.663891
0.663893
0.663893
0.663893
0.663894
0.663895
0.663895
0.663896
0.663898
0.663898
0.663898
0.663899
0.663902
0.663902
0.663903
0.663908
0.663909
0.663911
0.663911
0.663914
0.663918
0.663924
0.66393
0.663934
0.663938
0.663945
0.663946
0.663951
0.663953
0.66396
0.663967
0.663968
0.663971
0.663978
0.66398
0.663982
0.663984
0.663985
0.663986
0.663987
0.663994
0.663994
0.663995
0.663995
0.663997
0.664
0.664
0.664009
0.66401
0.664017
0.664022
0.664022
0.664024
0.66403
0.664032
0.664049
0.664051
0.664051
0.664056
0.664056
0.664058
0.664061
0.664063
0.664063
0.664066
0.664067
0.664069
0.664069
0.664073
0.664074
0.664075
0.664077
0.664079
0.664085
0.664089
0.664091
0.664097
0.664101
0.664101
0.664105
0.664108
0.664111
0.664121
0.664126
0.664132
0.664135
0.664138
0.664139
0.664141
0.664143
0.664145
0.664147
0.664151
0.664155
0.664159
0.66416
0.664165
0.664174
0.664177
0.664185
0.664188
0.664197
0.664201
0.664201
0.664202
0.664207
0.664216
0.664218
0.664223
0.664225
0.664233
0.664251
0.664252
0.664268
0.664272
0.664276
0.664276
0.664277
0.664283
0.664284
0.664293
0.664302
0.664307
0.664314
0.664318
0.66432
0.664325
0.664327
0.66433
0.664332
0.664346
0.664358
0.664361
0.664361
0.664362
0.664365
0.664366
0.664369
0.664369
0.66437
0.664372
0.664372
0.664374
0.664376
0.664383
0.664385
0.664387
0.664394
0.664404
0.664404
0.66441
0.664411
0.664416
0.664416
0.664417
0.664417
0.664424
0.664448
0.664462
0.664466
0.664472
0.664476
0.664477
0.664479
0.66448
0.664481
0.664481
0.66449
0.664494
0.664495
0.664504
0.664505
0.664507
0.664509
0.664513
0.664514
0.664525
0.664526
0.664528
0.66454
0.664544
0.664561
0.664562
0.664563
0.664564
0.664566
0.664587
0.66461
0.664612
0.664613
0.66462
0.664652
0.664659
0.664677
0.664685
0.664687
0.664763
