0.459679
0.459722
0.459737
0.459739
0.459763
0.459784
0.459807
0.459819
0.459851
0.459873
0.459879
0.459885
0.459892
0.459907
0.459911
0.459925
0.459927
0.45994
0.459946
0.459948
0.459968
0.459989
0.45999
0.460002
0.460004
0.460006
0.460009
0.460019
0.460021
0.460027
0.460031
0.460044
0.460046
0.460049
0.460051
0.460056
0.460061
0.460074
0.460081
0.460087
0.46009
0.460111
0.460113
0.460116
0.460134
0.46015
0.460156
0.460169
0.46017
0.460179
0.460185
0.460188
0.460203
0.460203
0.460224
0.460228
0.46023
0.460248
0.46025
0.460268
0.460274
0.460283
0.460286
0.460296
0.460299
0.460305
0.46031
0.460312
0.460317
0.460317
0.460319
0.460322
0.460327
0.460343
0.460365
0.460367
0.460371
0.460375
0.460377
0.460378
0.460405
0.460407
0.460414
0.460415
0.460416
0.460419
0.460419
0.460427
0.460434
0.46044
0.460443
0.460448
0.460449
0.460449
0.460454
0.46047
0.460472
0.460478
0.460481
0.460482
0.460483
0.460483
0.46049
0.460497
0.460501
0.460506
0.460507
0.460508
0.460512
0.460513
0.460528
0.460532
0.460532
0.46054
0.460545
0.460546
0.460549
0.46055
0.460553
0.460555
0.460572
0.460574
0.46058
0.460585
0.460586
0.460587
0.460589
0.460596
0.460597
0.460599
0.460611
0.460615
0.460635
0.460637
0.460641
0.460647
0.460649
0.460649
0.46065
0.46065
0.460654
0.460657
0.460659
0.46066
0.460666
0.460667
0.460668
0.460673
0.460678
0.460684
0.460693
0.460696
0.460697
0.460704
0.460717
0.460729
0.460732
0.460753
0.460757
0.46076
0.460764
0.460768
0.460769
0.460769
0.460778
0.460779
0.460784
0.460785
0.460788
0.460794
0.460801
0.460806
0.460807
0.460812
0.460812
0.460813
0.460821
0.46083
0.460836
0.460837
0.460842
0.460843
0.460846
0.460854
0.460855
0.460857
0.460877
0.460877
0.460878
0.460891
0.460897
0.460904
0.460907
0.460921
0.460933
0.460938
0.460943
0.460947
0.460949
0.460962
0.460965
0.460966
0.460968
0.460976
0.460978
0.460985
0.460989
0.460992
0.460992
0.460992
0.461
0.461001
0.461004
0.461009
0.461009
0.461011
0.461018
0.461018
0.461023
0.461025
0.461028
0.461033
0.461035
0.461041
0.461043
0.461067
0.46107
0.461073
0.461076
0.461076
0.461084
0.461092
0.461108
0.461108
0.461112
0.461113
0.461115
0.461125
0.461131
0.461144
0.461146
0.461146
0.461152
0.461158
0.461166
0.461169
0.461176
0.461186
0.461192
0.461193
0.461202
0.461209
0.46121
0.461211
0.461211
0.46122
0.461238
0.461239
0.461246
0.461251
0.461259
0.461261
0.461266
0.461267
0.461268
0.461268
0.46128
0.461289
0.461291
0.461294
0.461298
0.461326
0.46133
0.461331
0.461338
0.461345
0.46135
0.461354
0.461359
0.461361
0.461368
0.461377
0.461386
0.461396
0.461398
0.461399
0.461404
0.461407
0.461409
0.461417
0.461417
0.461423
0.46143
0.461431
0.461435
0.461444
0.461452
0.461453
0.461456
0.461456
0.461457
0.46146
0.461462
0.461481
0.461485
0.461487
0.461487
0.461499
0.461501
0.461503
0.461507
0.461512
0.461514
0.461528
0.461529
0.461533
0.461539
0.461541
0.461545
0.461547
0.46155
0.461551
0.461559
0.46156
0.461564
0.461577
0.461591
0.461595
0.4616
0.461602
0.461609
0.461619
0.461622
0.461629
0.46163
0.461633
0.46165
0.461653
0.461659
0.461681
0.461694
0.461697
0.461707
0.46171
0.46171
0.461725
0.461738
0.461739
0.461739
0.461747
0.461759
0.46178
0.461789
0.461794
0.461795
0.461803
0.461807
0.461821
0.461823
0.461831
0.461836
0.461841
0.461847
0.461849
0.461852
0.461864
0.461891
0.461892
0.461909
0.461912
0.461926
0.461933
0.461942
0.461947
0.461951
0.461957
0.46196
0.46196
0.461986
0.461991
0.462
0.462002
0.462003
0.462015
0.462016
0.462017
0.462019
0.462025
0.462026
0.462034
0.462043
0.462046
0.46205
0.462064
0.462069
0.462081
0.462088
0.462089
0.462104
0.462109
0.46211
0.462114
0.462119
0.462127
0.462134
0.462135
0.462156
0.462159
0.46217
0.462183
0.462186
0.462187
0.462212
0.462217
0.46222
0.46222
0.462226
0.462226
0.462227
0.462237
0.462258
0.462272
0.4623
0.462314
0.462318
0.46233
0.462337
0.462342
0.462344
0.462346
0.462373
0.462384
0.462405
0.462408
0.462417
0.46242
0.462424
0.462445
0.462447
0.462449
0.462455
0.462455
0.462466
0.462469
0.462478
0.462503
0.462555
0.462616
0.462643
0.462649
0.462659
0.46267
0.462725
0.462771
0.462773
0.462778
0.462803
0.462812
0.462821
0.462824
0.462895
0.462938
0.462964
0.462991
0.463044
0.463085
0.463094
0.463242
0.463262
0.4633
0.463312
0.463315
0.463324
0.46339
0.463411
0.463421
0.463431
0.46353
0.463579
0.463636
0.463719
0.463754
0.463924
0.463934
0.463937
0.463965
0.464038
0.464054
0.464183
0.464303
0.464521
0.541594
0.542024
0.542356
0.542939
0.543002
0.543003
0.543015
0.543237
0.54327
0.543287
0.54331
0.543379
0.5435
0.54352
0.543534
0.543565
0.543589
0.543612
0.543614
0.543727
0.54373
0.543827
0.543839
0.543886
0.543886
0.543902
0.54391
0.543924
0.543949
0.543957
0.543986
0.544068
0.54407
0.544103
0.544152
0.544202
0.544217
0.544226
0.544227
0.544235
0.544258
0.544321
0.544327
0.544343
0.544345
0.544398
0.54441
0.544421
0.544425
0.544426
0.544449
0.54446
0.544489
0.544494
0.544496
0.544519
0.544519
0.544533
0.544553
0.544555
0.544565
0.544575
0.544583
0.544594
0.5446
0.544631
0.544648
0.54467
0.544671
0.544673
0.544728
0.544732
0.544735
0.544757
0.544759
0.544783
0.54481
0.544817
0.544827
0.544836
0.544841
0.544853
0.544864
0.544865
0.5449
0.544927
0.544929
0.544931
0.544934
0.544937
0.544943
0.544956
0.544964
0.544994
0.544999
0.545001
0.545007
0.54501
0.545018
0.545024
0.545028
0.545039
0.545046
0.545048
0.545048
0.545052
0.545053
0.545065
0.545069
0.54507
0.545085
0.545107
0.545111
0.545114
0.545116
0.545121
0.545129
0.545136
0.545142
0.545146
0.545171
0.545175
0.545177
0.545178
0.545196
0.545201
0.545208
0.54521
0.545219
0.545229
0.545232
0.545236
0.54524
0.545242
0.54526
0.545264
0.545285
0.545304
0.54531
0.545331
0.545337
0.545363
0.545371
0.545375
0.545393
0.545396
0.545407
0.545413
0.545414
0.545416
0.545423
0.545427
0.545441
0.545444
0.545448
0.545453
0.54546
0.545464
0.545464
0.545467
0.545469
0.545473
0.54548
0.54548
0.545489
0.545493
0.545494
0.545497
0.545527
0.545528
0.545541
0.545544
0.545546
0.545548
0.54555
0.545557
0.545564
0.54557
0.545578
0.545586
0.545587
0.54559
0.545597
0.545611
0.545621
0.545626
0.545634
0.545641
0.545646
0.545648
0.545667
0.545667
0.545683
0.545684
0.545695
0.545695
0.545699
0.545704
0.545706
0.545711
0.545717
0.545735
0.545738
0.545748
0.54575
0.545752
0.54576
0.545775
0.545779
0.54578
0.545787
0.545805
0.54581
0.545813
0.545817
0.545821
0.545828
0.545836
0.545838
0.545843
0.545843
0.545854
0.545855
0.545862
0.545864
0.545866
0.545868
0.545868
0.545881
0.545885
0.545891
0.545898
0.545899
0.545902
0.54591
0.545911
0.545914
0.545921
0.545922
0.545926
0.545944
0.545944
0.545946
0.545946
0.545953
0.545955
0.545958
0.545961
0.545971
0.545971
0.545978
0.545979
0.54598
0.545981
0.545998
0.546004
0.546013
0.546015
0.546021
0.546023
0.546025
0.546025
0.546027
0.546031
0.546034
0.546035
0.546044
0.546049
0.546049
0.546051
0.546053
0.546059
0.54606
0.546062
0.546071
0.546076
0.54608
0.546082
0.546084
0.546084
0.546086
0.546096
0.546101
0.546103
0.546103
0.546104
0.546107
0.546111
0.546117
0.546129
0.54613
0.546132
0.546145
0.546149
0.546152
0.546153
0.546177
0.546184
0.546189
0.546193
0.546206
0.546208
0.546208
0.546209
0.54622
0.546227
0.54623
0.546237
0.546247
0.546252
0.546258
0.546264
0.546271
0.546276
0.546286
0.546288
0.546289
0.546292
0.546293
0.546302
0.546304
0.546304
0.546307
0.546313
0.546314
0.546323
0.546326
0.546332
0.546341
0.546358
0.546361
0.546362
0.546369
0.546371
0.546379
0.54638
0.546389
0.546392
0.546392
0.546392
0.546405
0.546412
0.546418
0.546424
0.546428
0.546432
0.546433
0.546434
0.54644
0.546443
0.546444
0.54645
0.546467
0.546471
0.546474
0.546479
0.54648
0.546504
0.546509
0.546513
0.546513
0.546515
0.546517
0.546522
0.546526
0.546537
0.546541
0.546547
0.546547
0.546551
0.546578
0.546581
0.546582
0.546583
0.546584
0.546587
0.546589
0.546603
0.546603
0.546604
0.546609
0.546611
0.546616
0.546621
0.546621
0.546622
0.546627
0.546631
0.546635
0.54664
0.546643
0.54665
0.546652
0.546653
0.546663
0.546672
0.546676
0.546678
0.546693
0.546694
0.546708
0.546709
0.54672
0.54674
0.546745
0.546751
0.546752
0.546769
0.546774
0.546777
0.54678
0.546795
0.546798
0.546803
0.546806
0.546813
0.546821
0.546823
0.546824
0.546834
0.546858
0.546863
0.546877
0.546881
0.546895
0.546898
0.546901
0.546902
0.546903
0.546903
0.546905
0.54691
0.54692
0.546928
0.546931
0.546936
0.546938
0.546938
0.546942
0.546948
0.546949
0.546958
0.54696
0.546964
0.546985
0.546985
0.546996
0.547013
0.547024
0.547031
0.547032
0.547038
0.547041
0.547065
0.547068
0.547082
0.547089
0.547092
0.547094
0.547096
0.547097
0.547102
0.547103
0.547111
0.547113
0.547145
0.547162
0.547164
0.54717
0.547172
0.547174
0.547188
0.547192
0.547216
0.547217
0.547218
0.547221
0.547233
0.547237
0.547257
0.547266
0.547281
0.547286
0.54731
0.547327
0.547331
0.547331
0.547338
0.547355
0.547363
0.547367
0.547369
0.547374
0.54738
0.547425
0.547428
0.547438
0.547442
0.547454
0.547461
0.547508
0.547517
0.547552
0.547557
0.547582
0.54771
0.547726
0.547822
0.459717
0.459761
0.459804
0.459819
0.459821
0.459845
0.459866
0.459889
0.459901
0.459933
0.459955
0.45996
0.459967
0.459974
0.459989
0.459993
0.460006
0.460009
0.460021
0.460028
0.46003
0.46005
0.460071
0.460072
0.460084
0.460086
0.460088
0.460091
0.460101
0.460103
0.460109
0.460112
0.460126
0.460128
0.460131
0.460133
0.460138
0.460143
0.460156
0.460163
0.460169
0.460172
0.460193
0.460195
0.460198
0.460216
0.460232
0.460238
0.460251
0.460251
0.460261
0.460266
0.46027
0.460284
0.460285
0.460306
0.46031
0.460311
0.46033
0.460332
0.46035
0.460356
0.460364
0.460367
0.460377
0.460381
0.460387
0.460391
0.460394
0.460399
0.460399
0.4604
0.460403
0.460409
0.460425
0.460446
0.460448
0.460453
0.460457
0.460459
0.460459
0.460487
0.460488
0.460496
0.460496
0.460498
0.4605
0.460501
0.460509
0.460515
0.460522
0.460525
0.460529
0.46053
0.460531
0.460536
0.460552
0.460553
0.46056
0.460562
0.460563
0.460564
0.460565
0.460571
0.460578
0.460583
0.460587
0.460589
0.46059
0.460593
0.460595
0.460609
0.460613
0.460613
0.460621
0.460627
0.460627
0.460631
0.460632
0.460635
0.460637
0.460653
0.460655
0.460661
0.460667
0.460668
0.460668
0.460671
0.460678
0.460678
0.46068
0.460692
0.460697
0.460716
0.460718
0.460722
0.460728
0.46073
0.460731
0.460731
0.460732
0.460735
0.460739
0.46074
0.460741
0.460747
0.460748
0.460749
0.460755
0.46076
0.460765
0.460774
0.460777
0.460779
0.460785
0.460799
0.46081
0.460813
0.460835
0.460838
0.460842
0.460845
0.460849
0.46085
0.460851
0.460859
0.46086
0.460865
0.460867
0.46087
0.460876
0.460883
0.460887
0.460889
0.460893
0.460893
0.460894
0.460903
0.460911
0.460917
0.460918
0.460923
0.460925
0.460928
0.460935
0.460936
0.460939
0.460958
0.460958
0.46096
0.460973
0.460979
0.460985
0.460988
0.461002
0.461015
0.46102
0.461024
0.461029
0.46103
0.461044
0.461046
0.461048
0.461049
0.461058
0.461059
0.461066
0.461071
0.461073
0.461073
0.461073
0.461081
0.461083
0.461085
0.46109
0.46109
0.461092
0.461099
0.461099
0.461104
0.461107
0.461109
0.461114
0.461117
0.461123
0.461124
0.461148
0.461152
0.461154
0.461157
0.461157
0.461165
0.461173
0.461189
0.461189
0.461193
0.461194
0.461196
0.461207
0.461212
0.461225
0.461227
0.461228
0.461233
0.461239
0.461247
0.46125
0.461258
0.461268
0.461274
0.461274
0.461283
0.46129
0.461291
0.461292
0.461292
0.461301
0.461319
0.461321
0.461327
0.461332
0.461341
0.461342
0.461347
0.461348
0.461349
0.461349
0.461362
0.46137
0.461372
0.461375
0.461379
0.461407
0.461411
0.461413
0.461419
0.461426
0.461431
0.461435
0.46144
0.461442
0.461449
0.461458
0.461467
0.461477
0.461479
0.46148
0.461485
0.461488
0.46149
0.461498
0.461498
0.461504
0.461511
0.461512
0.461516
0.461525
0.461533
0.461534
0.461537
0.461538
0.461538
0.461541
0.461543
0.461562
0.461566
0.461569
0.461569
0.46158
0.461582
0.461584
0.461588
0.461593
0.461595
0.461609
0.46161
0.461614
0.46162
0.461622
0.461626
0.461628
0.461631
0.461632
0.46164
0.461641
0.461644
0.461658
0.461672
0.461676
0.461681
0.461683
0.46169
0.4617
0.461703
0.46171
0.461711
0.461714
0.461731
0.461734
0.46174
0.461762
0.461775
0.461778
0.461788
0.46179
0.461791
0.461806
0.461819
0.46182
0.46182
0.461828
0.46184
0.461861
0.46187
0.461875
0.461876
0.461884
0.461888
0.461901
0.461904
0.461912
0.461917
0.461922
0.461928
0.46193
0.461933
0.461945
0.461971
0.461973
0.46199
0.461992
0.462007
0.462014
0.462022
0.462027
0.462032
0.462038
0.462041
0.462041
0.462066
0.462072
0.462081
0.462083
0.462084
0.462096
0.462097
0.462097
0.4621
0.462106
0.462106
0.462114
0.462124
0.462126
0.462131
0.462144
0.46215
0.462162
0.462168
0.46217
0.462185
0.46219
0.462191
0.462194
0.4622
0.462208
0.462215
0.462216
0.462236
0.46224
0.462251
0.462264
0.462267
0.462268
0.462293
0.462298
0.4623
0.462301
0.462306
0.462307
0.462308
0.462318
0.462339
0.462352
0.462381
0.462394
0.462399
0.46241
0.462418
0.462423
0.462425
0.462427
0.462454
0.462465
0.462485
0.462489
0.462497
0.462501
0.462505
0.462525
0.462527
0.46253
0.462535
0.462536
0.462547
0.46255
0.462559
0.462583
0.462636
0.462697
0.462724
0.46273
0.462739
0.462751
0.462805
0.462851
0.462853
0.462858
0.462884
0.462893
0.462902
0.462904
0.462975
0.463018
0.463044
0.463071
0.463124
0.463166
0.463174
0.463322
0.463342
0.463381
0.463392
0.463395
0.463404
0.46347
0.463491
0.463501
0.463511
0.46361
0.463659
0.463716
0.463799
0.463834
0.464004
0.464013
0.464017
0.464044
0.464118
0.464134
0.464262
0.464382
0.464601
0.541489
0.541918
0.54225
0.542833
0.542896
0.542897
0.542908
0.54313
0.543163
0.54318
0.543203
0.543273
0.543394
0.543413
0.543428
0.543458
0.543482
0.543505
0.543507
0.54362
0.543623
0.54372
0.543732
0.543779
0.543779
0.543795
0.543803
0.543817
0.543841
0.54385
0.543879
0.54396
0.543963
0.543996
0.544044
0.544094
0.544109
0.544118
0.544119
0.544127
0.54415
0.544213
0.544219
0.544236
0.544238
0.544291
0.544303
0.544314
0.544318
0.544318
0.544341
0.544353
0.544381
0.544386
0.544388
0.544411
0.544412
0.544425
0.544445
0.544447
0.544458
0.544467
0.544475
0.544486
0.544492
0.544523
0.54454
0.544563
0.544563
0.544565
0.54462
0.544624
0.544627
0.544649
0.544652
0.544675
0.544702
0.544709
0.544719
0.544728
0.544733
0.544745
0.544757
0.544757
0.544792
0.544819
0.544821
0.544823
0.544825
0.544829
0.544835
0.544848
0.544856
0.544886
0.544891
0.544893
0.544898
0.544902
0.54491
0.544915
0.54492
0.544931
0.544938
0.54494
0.54494
0.544944
0.544944
0.544956
0.544961
0.544962
0.544976
0.544999
0.545002
0.545006
0.545008
0.545013
0.545021
0.545028
0.545034
0.545038
0.545063
0.545067
0.545069
0.54507
0.545088
0.545093
0.5451
0.545102
0.545111
0.545121
0.545124
0.545128
0.545132
0.545134
0.545152
0.545156
0.545176
0.545196
0.545202
0.545222
0.545229
0.545255
0.545263
0.545267
0.545284
0.545288
0.545298
0.545305
0.545306
0.545308
0.545315
0.545319
0.545332
0.545336
0.545339
0.545345
0.545352
0.545356
0.545356
0.545358
0.54536
0.545365
0.545372
0.545372
0.54538
0.545385
0.545385
0.545388
0.545418
0.545419
0.545433
0.545436
0.545438
0.54544
0.545441
0.545449
0.545456
0.545462
0.54547
0.545477
0.545478
0.545482
0.545488
0.545502
0.545512
0.545517
0.545525
0.545532
0.545538
0.545539
0.545558
0.545559
0.545575
0.545576
0.545586
0.545586
0.54559
0.545596
0.545598
0.545602
0.545608
0.545626
0.54563
0.54564
0.545641
0.545644
0.545651
0.545667
0.545671
0.545672
0.545678
0.545697
0.545701
0.545704
0.545708
0.545712
0.54572
0.545727
0.545729
0.545734
0.545735
0.545745
0.545746
0.545753
0.545756
0.545758
0.545759
0.54576
0.545772
0.545776
0.545782
0.545789
0.54579
0.545793
0.545801
0.545802
0.545805
0.545812
0.545813
0.545817
0.545835
0.545835
0.545837
0.545837
0.545844
0.545846
0.545849
0.545852
0.545862
0.545862
0.545869
0.54587
0.545871
0.545873
0.545889
0.545895
0.545904
0.545906
0.545912
0.545914
0.545916
0.545916
0.545918
0.545922
0.545925
0.545926
0.545935
0.54594
0.54594
0.545942
0.545944
0.54595
0.545951
0.545953
0.545962
0.545967
0.545971
0.545973
0.545975
0.545975
0.545977
0.545987
0.545992
0.545994
0.545994
0.545995
0.545998
0.546002
0.546008
0.54602
0.546021
0.546023
0.546036
0.546039
0.546043
0.546044
0.546068
0.546075
0.54608
0.546084
0.546097
0.546098
0.546099
0.5461
0.546111
0.546118
0.546121
0.546128
0.546138
0.546143
0.546148
0.546155
0.546162
0.546167
0.546177
0.546179
0.54618
0.546183
0.546184
0.546193
0.546194
0.546195
0.546198
0.546204
0.546205
0.546214
0.546216
0.546223
0.546232
0.546249
0.546252
0.546253
0.54626
0.546262
0.54627
0.546271
0.546279
0.546283
0.546283
0.546283
0.546296
0.546303
0.546309
0.546315
0.546319
0.546322
0.546324
0.546325
0.546331
0.546334
0.546335
0.54634
0.546358
0.546362
0.546365
0.546369
0.546371
0.546394
0.5464
0.546404
0.546404
0.546406
0.546407
0.546412
0.546417
0.546427
0.546432
0.546438
0.546438
0.546442
0.546469
0.546472
0.546473
0.546474
0.546474
0.546478
0.54648
0.546494
0.546494
0.546495
0.546499
0.546502
0.546506
0.546511
0.546512
0.546512
0.546518
0.546521
0.546525
0.54653
0.546534
0.54654
0.546543
0.546543
0.546554
0.546562
0.546566
0.546568
0.546583
0.546584
0.546598
0.5466
0.54661
0.546631
0.546635
0.546641
0.546642
0.546659
0.546665
0.546667
0.54667
0.546685
0.546688
0.546694
0.546697
0.546704
0.546712
0.546713
0.546714
0.546725
0.546748
0.546753
0.546768
0.546771
0.546785
0.546789
0.546791
0.546792
0.546793
0.546794
0.546795
0.5468
0.54681
0.546818
0.546821
0.546826
0.546828
0.546828
0.546832
0.546839
0.54684
0.546848
0.54685
0.546854
0.546875
0.546875
0.546886
0.546903
0.546914
0.546921
0.546922
0.546928
0.546931
0.546955
0.546958
0.546972
0.546979
0.546982
0.546984
0.546986
0.546987
0.546992
0.546993
0.547002
0.547003
0.547035
0.547052
0.547054
0.54706
0.547062
0.547064
0.547078
0.547082
0.547106
0.547107
0.547108
0.547111
0.547123
0.547127
0.547147
0.547156
0.54717
0.547176
0.5472
0.547217
0.54722
0.547221
0.547228
0.547245
0.547253
0.547257
0.547259
0.547264
0.54727
0.547314
0.547318
0.547328
0.547332
0.547344
0.547351
0.547398
0.547407
0.547442
0.547446
0.547471
0.5476
0.547616
0.547712
0.459799
0.459843
0.459886
0.4599
0.459902
0.459927
0.459948
0.459971
0.459983
0.460015
0.460036
0.460042
0.460049
0.460055
0.460071
0.460074
0.460088
0.460091
0.460103
0.46011
0.460112
0.460131
0.460152
0.460154
0.460165
0.460168
0.460169
0.460173
0.460182
0.460184
0.46019
0.460194
0.460207
0.460209
0.460213
0.460214
0.460219
0.460225
0.460238
0.460245
0.46025
0.460254
0.460274
0.460276
0.460279
0.460297
0.460313
0.46032
0.460333
0.460333
0.460342
0.460348
0.460351
0.460366
0.460367
0.460387
0.460391
0.460393
0.460411
0.460413
0.460431
0.460437
0.460446
0.460449
0.460459
0.460462
0.460468
0.460473
0.460475
0.46048
0.46048
0.460482
0.460485
0.46049
0.460507
0.460528
0.46053
0.460534
0.460538
0.46054
0.460541
0.460568
0.46057
0.460577
0.460578
0.460579
0.460582
0.460583
0.46059
0.460597
0.460603
0.460606
0.460611
0.460612
0.460612
0.460617
0.460633
0.460635
0.460641
0.460644
0.460645
0.460646
0.460646
0.460653
0.46066
0.460664
0.460668
0.46067
0.460671
0.460675
0.460676
0.460691
0.460695
0.460695
0.460703
0.460708
0.460709
0.460712
0.460713
0.460716
0.460718
0.460735
0.460736
0.460743
0.460748
0.460749
0.46075
0.460752
0.460759
0.46076
0.460762
0.460774
0.460778
0.460798
0.460799
0.460803
0.46081
0.460811
0.460812
0.460813
0.460813
0.460817
0.46082
0.460822
0.460823
0.460828
0.46083
0.460831
0.460836
0.460841
0.460847
0.460856
0.460859
0.46086
0.460867
0.46088
0.460892
0.460894
0.460916
0.460919
0.460923
0.460926
0.46093
0.460931
0.460932
0.460941
0.460942
0.460947
0.460948
0.460951
0.460957
0.460964
0.460968
0.46097
0.460974
0.460975
0.460976
0.460984
0.460993
0.460998
0.460999
0.461004
0.461006
0.461009
0.461016
0.461018
0.46102
0.461039
0.46104
0.461041
0.461054
0.46106
0.461066
0.461069
0.461084
0.461096
0.461101
0.461106
0.46111
0.461111
0.461125
0.461128
0.461129
0.461131
0.461139
0.46114
0.461147
0.461152
0.461154
0.461154
0.461154
0.461163
0.461164
0.461166
0.461171
0.461172
0.461174
0.46118
0.46118
0.461185
0.461188
0.46119
0.461195
0.461198
0.461204
0.461205
0.461229
0.461233
0.461235
0.461239
0.461239
0.461246
0.461254
0.46127
0.46127
0.461274
0.461275
0.461277
0.461288
0.461294
0.461306
0.461308
0.461309
0.461314
0.46132
0.461328
0.461331
0.461339
0.461349
0.461355
0.461355
0.461364
0.461371
0.461373
0.461373
0.461373
0.461382
0.4614
0.461402
0.461408
0.461413
0.461422
0.461423
0.461428
0.461429
0.46143
0.46143
0.461443
0.461451
0.461454
0.461456
0.46146
0.461488
0.461492
0.461494
0.4615
0.461507
0.461512
0.461516
0.461521
0.461523
0.46153
0.461539
0.461548
0.461558
0.46156
0.461561
0.461566
0.461569
0.461571
0.461579
0.461579
0.461585
0.461592
0.461593
0.461597
0.461606
0.461614
0.461615
0.461618
0.461618
0.461619
0.461622
0.461624
0.461643
0.461647
0.461649
0.461649
0.461661
0.461662
0.461665
0.461669
0.461674
0.461676
0.46169
0.461691
0.461695
0.461701
0.461703
0.461707
0.461709
0.461712
0.461713
0.461721
0.461722
0.461725
0.461739
0.461753
0.461757
0.461762
0.461764
0.461771
0.461781
0.461784
0.461791
0.461791
0.461795
0.461812
0.461815
0.461821
0.461843
0.461855
0.461859
0.461869
0.461871
0.461872
0.461887
0.4619
0.461901
0.461901
0.461908
0.461921
0.461942
0.461951
0.461956
0.461956
0.461965
0.461968
0.461982
0.461984
0.461993
0.461997
0.462003
0.462009
0.46201
0.462014
0.462026
0.462052
0.462053
0.46207
0.462073
0.462088
0.462095
0.462103
0.462108
0.462112
0.462119
0.462121
0.462121
0.462147
0.462152
0.462162
0.462163
0.462164
0.462176
0.462178
0.462178
0.46218
0.462187
0.462187
0.462195
0.462205
0.462207
0.462211
0.462225
0.46223
0.462242
0.462249
0.462251
0.462265
0.462271
0.462271
0.462275
0.46228
0.462288
0.462295
0.462297
0.462317
0.46232
0.462331
0.462345
0.462348
0.462348
0.462373
0.462378
0.462381
0.462381
0.462387
0.462387
0.462388
0.462398
0.46242
0.462433
0.462462
0.462475
0.462479
0.462491
0.462498
0.462503
0.462506
0.462507
0.462534
0.462545
0.462566
0.462569
0.462578
0.462581
0.462585
0.462606
0.462608
0.46261
0.462616
0.462616
0.462627
0.46263
0.462639
0.462664
0.462716
0.462777
0.462804
0.46281
0.46282
0.462831
0.462886
0.462932
0.462933
0.462938
0.462964
0.462973
0.462982
0.462984
0.463056
0.463098
0.463124
0.463151
0.463205
0.463246
0.463254
0.463402
0.463422
0.463461
0.463472
0.463475
0.463484
0.46355
0.463571
0.463581
0.463591
0.46369
0.463739
0.463796
0.463879
0.463914
0.464084
0.464093
0.464096
0.464124
0.464198
0.464214
0.464342
0.464462
0.46468
0.541384
0.541813
0.542144
0.542727
0.542789
0.542791
0.542802
0.543024
0.543057
0.543074
0.543097
0.543166
0.543287
0.543307
0.543321
0.543351
0.543375
0.543399
0.5434
0.543513
0.543516
0.543613
0.543625
0.543672
0.543672
0.543688
0.543696
0.54371
0.543734
0.543743
0.543772
0.543853
0.543856
0.543889
0.543937
0.543987
0.544002
0.544011
0.544012
0.54402
0.544043
0.544106
0.544112
0.544129
0.544131
0.544183
0.544195
0.544206
0.54421
0.544211
0.544234
0.544245
0.544274
0.544279
0.544281
0.544304
0.544304
0.544318
0.544337
0.54434
0.54435
0.54436
0.544368
0.544379
0.544385
0.544416
0.544432
0.544455
0.544456
0.544457
0.544512
0.544516
0.544519
0.544541
0.544544
0.544567
0.544595
0.544601
0.544611
0.544621
0.544625
0.544637
0.544649
0.544649
0.544684
0.544711
0.544713
0.544716
0.544718
0.544721
0.544727
0.544741
0.544748
0.544778
0.544783
0.544785
0.54479
0.544794
0.544802
0.544808
0.544812
0.544823
0.54483
0.544832
0.544832
0.544836
0.544837
0.544849
0.544853
0.544854
0.544868
0.544891
0.544894
0.544898
0.5449
0.544905
0.544913
0.54492
0.544926
0.54493
0.544955
0.544959
0.544961
0.544962
0.54498
0.544985
0.544992
0.544994
0.545003
0.545013
0.545016
0.54502
0.545024
0.545026
0.545043
0.545047
0.545068
0.545088
0.545093
0.545114
0.545121
0.545146
0.545154
0.545158
0.545176
0.54518
0.54519
0.545196
0.545197
0.5452
0.545207
0.54521
0.545224
0.545228
0.545231
0.545237
0.545243
0.545247
0.545248
0.54525
0.545252
0.545256
0.545263
0.545264
0.545272
0.545277
0.545277
0.54528
0.54531
0.545311
0.545324
0.545327
0.545329
0.545331
0.545333
0.545341
0.545347
0.545353
0.545361
0.545369
0.54537
0.545374
0.54538
0.545394
0.545404
0.545409
0.545417
0.545424
0.545429
0.545431
0.54545
0.54545
0.545466
0.545467
0.545477
0.545478
0.545482
0.545487
0.545489
0.545494
0.5455
0.545518
0.545521
0.545531
0.545533
0.545535
0.545543
0.545558
0.545562
0.545563
0.545569
0.545588
0.545593
0.545596
0.5456
0.545603
0.545611
0.545619
0.54562
0.545625
0.545626
0.545637
0.545637
0.545645
0.545647
0.545649
0.545651
0.545651
0.545663
0.545667
0.545673
0.54568
0.545681
0.545685
0.545692
0.545693
0.545696
0.545704
0.545705
0.545708
0.545726
0.545726
0.545729
0.545729
0.545735
0.545737
0.545741
0.545743
0.545753
0.545754
0.54576
0.545761
0.545763
0.545764
0.54578
0.545786
0.545795
0.545797
0.545803
0.545805
0.545807
0.545808
0.545809
0.545813
0.545817
0.545818
0.545826
0.545831
0.545831
0.545834
0.545835
0.545841
0.545842
0.545844
0.545853
0.545858
0.545862
0.545864
0.545866
0.545866
0.545868
0.545878
0.545884
0.545885
0.545885
0.545886
0.54589
0.545893
0.545899
0.545912
0.545912
0.545914
0.545927
0.545931
0.545934
0.545935
0.545959
0.545966
0.545971
0.545975
0.545988
0.54599
0.54599
0.545991
0.546002
0.546009
0.546012
0.546019
0.546029
0.546034
0.54604
0.546046
0.546053
0.546058
0.546068
0.54607
0.546071
0.546074
0.546075
0.546084
0.546085
0.546086
0.546089
0.546095
0.546096
0.546105
0.546107
0.546114
0.546123
0.54614
0.546143
0.546144
0.546151
0.546153
0.546161
0.546162
0.54617
0.546174
0.546174
0.546174
0.546187
0.546193
0.5462
0.546206
0.546209
0.546213
0.546215
0.546216
0.546222
0.546224
0.546226
0.546231
0.546249
0.546253
0.546256
0.54626
0.546262
0.546285
0.54629
0.546295
0.546295
0.546297
0.546298
0.546303
0.546308
0.546318
0.546322
0.546328
0.546329
0.546333
0.54636
0.546362
0.546363
0.546364
0.546365
0.546368
0.546371
0.546384
0.546385
0.546386
0.54639
0.546393
0.546397
0.546402
0.546402
0.546403
0.546408
0.546412
0.546416
0.546421
0.546425
0.546431
0.546434
0.546434
0.546444
0.546453
0.546457
0.546459
0.546474
0.546475
0.546489
0.54649
0.546501
0.546521
0.546526
0.546532
0.546533
0.54655
0.546555
0.546558
0.546561
0.546576
0.546579
0.546584
0.546588
0.546594
0.546602
0.546604
0.546604
0.546615
0.546639
0.546643
0.546658
0.546662
0.546675
0.546679
0.546681
0.546683
0.546684
0.546684
0.546686
0.54669
0.546701
0.546708
0.546711
0.546717
0.546719
0.546719
0.546723
0.546729
0.54673
0.546739
0.54674
0.546745
0.546765
0.546766
0.546776
0.546794
0.546805
0.546811
0.546812
0.546818
0.546822
0.546846
0.546848
0.546863
0.54687
0.546872
0.546874
0.546877
0.546877
0.546882
0.546884
0.546892
0.546893
0.546925
0.546942
0.546944
0.546951
0.546953
0.546954
0.546968
0.546972
0.546996
0.546997
0.546998
0.547001
0.547013
0.547017
0.547037
0.547046
0.547061
0.547066
0.54709
0.547107
0.54711
0.547111
0.547118
0.547135
0.547143
0.547147
0.547149
0.547154
0.54716
0.547204
0.547208
0.547218
0.547222
0.547234
0.547241
0.547288
0.547297
0.547332
0.547336
0.547361
0.54749
0.547505
0.547602
0.459881
0.459925
0.459968
0.459982
0.459984
0.460008
0.46003
0.460052
0.460065
0.460097
0.460118
0.460124
0.460131
0.460137
0.460152
0.460156
0.46017
0.460172
0.460185
0.460191
0.460194
0.460213
0.460234
0.460235
0.460247
0.460249
0.460251
0.460254
0.460264
0.460266
0.460272
0.460276
0.460289
0.460291
0.460294
0.460296
0.460301
0.460306
0.460319
0.460326
0.460332
0.460335
0.460356
0.460358
0.460361
0.460379
0.460395
0.460401
0.460414
0.460414
0.460424
0.460429
0.460433
0.460447
0.460448
0.460469
0.460473
0.460474
0.460493
0.460495
0.460513
0.460519
0.460527
0.46053
0.46054
0.460544
0.46055
0.460554
0.460556
0.460562
0.460562
0.460563
0.460566
0.460572
0.460588
0.460609
0.460611
0.460616
0.46062
0.460622
0.460622
0.46065
0.460651
0.460659
0.460659
0.460661
0.460663
0.460664
0.460672
0.460678
0.460684
0.460688
0.460692
0.460693
0.460694
0.460698
0.460715
0.460716
0.460722
0.460725
0.460726
0.460727
0.460728
0.460734
0.460741
0.460746
0.46075
0.460751
0.460753
0.460756
0.460757
0.460772
0.460776
0.460776
0.460784
0.460789
0.46079
0.460794
0.460794
0.460798
0.460799
0.460816
0.460818
0.460824
0.460829
0.46083
0.460831
0.460833
0.46084
0.460841
0.460843
0.460855
0.460859
0.460879
0.460881
0.460885
0.460891
0.460893
0.460893
0.460894
0.460895
0.460898
0.460901
0.460903
0.460904
0.46091
0.460911
0.460912
0.460918
0.460923
0.460928
0.460937
0.46094
0.460941
0.460948
0.460961
0.460973
0.460976
0.460997
0.461
0.461004
0.461008
0.461012
0.461013
0.461013
0.461022
0.461023
0.461028
0.461029
0.461032
0.461038
0.461045
0.46105
0.461051
0.461055
0.461056
0.461057
0.461065
0.461074
0.46108
0.46108
0.461085
0.461087
0.46109
0.461098
0.461099
0.461101
0.46112
0.461121
0.461122
0.461135
0.461141
0.461147
0.46115
0.461165
0.461177
0.461182
0.461187
0.461191
0.461192
0.461206
0.461209
0.46121
0.461212
0.46122
0.461221
0.461228
0.461233
0.461235
0.461235
0.461236
0.461244
0.461245
0.461247
0.461252
0.461253
0.461255
0.461261
0.461262
0.461266
0.461269
0.461271
0.461276
0.461279
0.461285
0.461286
0.46131
0.461314
0.461316
0.46132
0.46132
0.461327
0.461335
0.461351
0.461351
0.461355
0.461356
0.461358
0.461369
0.461375
0.461387
0.461389
0.46139
0.461395
0.461401
0.461409
0.461412
0.46142
0.46143
0.461436
0.461436
0.461445
0.461452
0.461454
0.461454
0.461454
0.461463
0.461481
0.461483
0.461489
0.461494
0.461503
0.461504
0.461509
0.46151
0.461511
0.461511
0.461524
0.461532
0.461535
0.461537
0.461541
0.461569
0.461573
0.461574
0.461581
0.461588
0.461593
0.461596
0.461602
0.461604
0.46161
0.46162
0.461629
0.461639
0.46164
0.461642
0.461647
0.46165
0.461651
0.46166
0.46166
0.461666
0.461673
0.461674
0.461678
0.461687
0.461695
0.461696
0.461699
0.461699
0.461699
0.461703
0.461705
0.461724
0.461728
0.46173
0.46173
0.461742
0.461743
0.461745
0.46175
0.461754
0.461757
0.461771
0.461772
0.461776
0.461782
0.461783
0.461788
0.46179
0.461793
0.461794
0.461802
0.461803
0.461806
0.46182
0.461834
0.461838
0.461843
0.461844
0.461852
0.461861
0.461865
0.461872
0.461872
0.461875
0.461893
0.461896
0.461902
0.461924
0.461936
0.461939
0.46195
0.461952
0.461952
0.461968
0.461981
0.461982
0.461982
0.461989
0.462002
0.462022
0.462032
0.462037
0.462037
0.462045
0.462049
0.462063
0.462065
0.462073
0.462078
0.462084
0.462089
0.462091
0.462095
0.462107
0.462133
0.462134
0.462151
0.462154
0.462168
0.462175
0.462184
0.462189
0.462193
0.462199
0.462202
0.462202
0.462228
0.462233
0.462242
0.462244
0.462245
0.462257
0.462258
0.462259
0.462261
0.462267
0.462267
0.462276
0.462285
0.462287
0.462292
0.462306
0.462311
0.462323
0.46233
0.462331
0.462346
0.462351
0.462352
0.462355
0.462361
0.462369
0.462376
0.462377
0.462397
0.462401
0.462412
0.462425
0.462428
0.462429
0.462454
0.462459
0.462461
0.462462
0.462467
0.462468
0.462469
0.462479
0.4625
0.462513
0.462542
0.462555
0.46256
0.462571
0.462578
0.462584
0.462586
0.462587
0.462615
0.462626
0.462646
0.462649
0.462658
0.462661
0.462665
0.462686
0.462688
0.46269
0.462696
0.462696
0.462707
0.462711
0.46272
0.462744
0.462797
0.462857
0.462884
0.46289
0.4629
0.462911
0.462966
0.463012
0.463013
0.463019
0.463044
0.463053
0.463062
0.463064
0.463136
0.463178
0.463204
0.463231
0.463285
0.463326
0.463334
0.463482
0.463502
0.46354
0.463552
0.463555
0.463564
0.46363
0.463651
0.463661
0.463671
0.46377
0.463818
0.463875
0.463959
0.463994
0.464163
0.464173
0.464176
0.464204
0.464277
0.464293
0.464421
0.464541
0.46476
0.541279
0.541707
0.542039
0.542621
0.542683
0.542685
0.542696
0.542918
0.542951
0.542968
0.54299
0.54306
0.543181
0.5432
0.543214
0.543245
0.543269
0.543292
0.543293
0.543406
0.543409
0.543507
0.543519
0.543565
0.543565
0.543582
0.543589
0.543603
0.543628
0.543636
0.543665
0.543746
0.543749
0.543782
0.54383
0.54388
0.543895
0.543904
0.543905
0.543913
0.543936
0.543999
0.544005
0.544021
0.544023
0.544076
0.544088
0.544099
0.544103
0.544104
0.544126
0.544138
0.544166
0.544171
0.544174
0.544196
0.544197
0.544211
0.54423
0.544233
0.544243
0.544252
0.54426
0.544272
0.544278
0.544308
0.544325
0.544348
0.544348
0.54435
0.544405
0.544409
0.544412
0.544434
0.544436
0.54446
0.544487
0.544494
0.544504
0.544513
0.544518
0.54453
0.544541
0.544542
0.544577
0.544604
0.544605
0.544608
0.54461
0.544613
0.54462
0.544633
0.54464
0.54467
0.544676
0.544677
0.544683
0.544686
0.544694
0.5447
0.544704
0.544716
0.544722
0.544724
0.544724
0.544728
0.544729
0.544741
0.544745
0.544747
0.544761
0.544783
0.544787
0.54479
0.544792
0.544797
0.544805
0.544812
0.544818
0.544822
0.544847
0.544851
0.544853
0.544854
0.544872
0.544877
0.544884
0.544886
0.544895
0.544905
0.544908
0.544912
0.544916
0.544918
0.544936
0.544939
0.54496
0.54498
0.544985
0.545006
0.545013
0.545038
0.545046
0.54505
0.545068
0.545072
0.545082
0.545088
0.545089
0.545091
0.545098
0.545102
0.545116
0.54512
0.545123
0.545128
0.545135
0.545139
0.545139
0.545142
0.545144
0.545148
0.545155
0.545155
0.545164
0.545168
0.545169
0.545172
0.545202
0.545203
0.545216
0.545219
0.545221
0.545223
0.545225
0.545232
0.545239
0.545245
0.545253
0.545261
0.545261
0.545265
0.545272
0.545285
0.545296
0.545301
0.545308
0.545315
0.545321
0.545322
0.545342
0.545342
0.545358
0.545359
0.545369
0.545369
0.545374
0.545379
0.545381
0.545386
0.545391
0.54541
0.545413
0.545423
0.545425
0.545427
0.545434
0.54545
0.545454
0.545455
0.545461
0.54548
0.545484
0.545487
0.545491
0.545495
0.545503
0.54551
0.545512
0.545517
0.545517
0.545528
0.545529
0.545536
0.545539
0.54554
0.545542
0.545542
0.545555
0.545559
0.545565
0.545572
0.545573
0.545576
0.545584
0.545585
0.545588
0.545595
0.545596
0.5456
0.545618
0.545618
0.54562
0.54562
0.545627
0.545629
0.545632
0.545635
0.545645
0.545645
0.545652
0.545653
0.545654
0.545655
0.545672
0.545678
0.545687
0.545688
0.545695
0.545697
0.545698
0.545699
0.545701
0.545705
0.545708
0.545709
0.545717
0.545722
0.545722
0.545725
0.545727
0.545732
0.545733
0.545735
0.545744
0.545749
0.545753
0.545755
0.545758
0.545758
0.54576
0.54577
0.545775
0.545776
0.545777
0.545777
0.545781
0.545784
0.545791
0.545803
0.545803
0.545806
0.545818
0.545822
0.545826
0.545827
0.545851
0.545857
0.545862
0.545867
0.545879
0.545881
0.545881
0.545882
0.545893
0.5459
0.545903
0.54591
0.54592
0.545925
0.545931
0.545938
0.545944
0.545949
0.545959
0.545961
0.545962
0.545965
0.545966
0.545975
0.545976
0.545977
0.54598
0.545986
0.545987
0.545996
0.545999
0.546005
0.546014
0.546031
0.546034
0.546035
0.546042
0.546044
0.546052
0.546053
0.546061
0.546065
0.546065
0.546065
0.546078
0.546084
0.546091
0.546097
0.546101
0.546104
0.546106
0.546107
0.546113
0.546115
0.546117
0.546122
0.54614
0.546144
0.546147
0.546151
0.546153
0.546176
0.546181
0.546186
0.546186
0.546188
0.546189
0.546194
0.546199
0.546209
0.546213
0.546219
0.54622
0.546224
0.54625
0.546253
0.546254
0.546255
0.546256
0.546259
0.546262
0.546275
0.546275
0.546277
0.546281
0.546284
0.546288
0.546293
0.546293
0.546294
0.546299
0.546303
0.546307
0.546312
0.546316
0.546322
0.546325
0.546325
0.546335
0.546344
0.546348
0.54635
0.546364
0.546366
0.54638
0.546381
0.546392
0.546412
0.546416
0.546423
0.546424
0.546441
0.546446
0.546448
0.546452
0.546467
0.54647
0.546475
0.546478
0.546485
0.546493
0.546494
0.546495
0.546506
0.546529
0.546534
0.546549
0.546552
0.546566
0.54657
0.546572
0.546574
0.546574
0.546575
0.546577
0.546581
0.546591
0.546599
0.546602
0.546607
0.546609
0.546609
0.546613
0.54662
0.546621
0.546629
0.546631
0.546635
0.546656
0.546656
0.546667
0.546684
0.546695
0.546702
0.546703
0.546708
0.546712
0.546736
0.546739
0.546753
0.54676
0.546763
0.546765
0.546767
0.546768
0.546772
0.546774
0.546782
0.546784
0.546816
0.546833
0.546835
0.546841
0.546843
0.546844
0.546858
0.546862
0.546886
0.546887
0.546888
0.546891
0.546904
0.546907
0.546928
0.546937
0.546951
0.546956
0.54698
0.546997
0.547001
0.547001
0.547008
0.547025
0.547034
0.547037
0.547039
0.547044
0.54705
0.547095
0.547098
0.547108
0.547112
0.547124
0.547131
0.547178
0.547187
0.547222
0.547226
0.547251
0.54738
0.547395
0.547491
0.459963
0.460006
0.460049
0.460064
0.460066
0.46009
0.460111
0.460134
0.460146
0.460178
0.4602
0.460205
0.460212
0.460219
0.460234
0.460237
0.460251
0.460254
0.460266
0.460273
0.460275
0.460294
0.460315
0.460317
0.460329
0.460331
0.460333
0.460336
0.460345
0.460347
0.460353
0.460357
0.46037
0.460372
0.460376
0.460377
0.460382
0.460388
0.460401
0.460408
0.460413
0.460417
0.460437
0.460439
0.460442
0.46046
0.460476
0.460483
0.460496
0.460496
0.460505
0.460511
0.460514
0.460529
0.46053
0.46055
0.460554
0.460556
0.460574
0.460576
0.460594
0.4606
0.460609
0.460612
0.460621
0.460625
0.460631
0.460636
0.460638
0.460643
0.460643
0.460644
0.460648
0.460653
0.460669
0.46069
0.460693
0.460697
0.460701
0.460703
0.460704
0.460731
0.460733
0.46074
0.46074
0.460742
0.460744
0.460745
0.460753
0.460759
0.460766
0.460769
0.460773
0.460774
0.460775
0.46078
0.460796
0.460797
0.460804
0.460806
0.460807
0.460808
0.460809
0.460815
0.460822
0.460827
0.460831
0.460832
0.460834
0.460837
0.460839
0.460853
0.460857
0.460857
0.460865
0.460871
0.460871
0.460875
0.460876
0.460879
0.460881
0.460897
0.460899
0.460905
0.460911
0.460912
0.460912
0.460914
0.460921
0.460922
0.460924
0.460936
0.46094
0.46096
0.460962
0.460966
0.460972
0.460974
0.460974
0.460975
0.460976
0.460979
0.460983
0.460984
0.460985
0.460991
0.460992
0.460993
0.460999
0.461004
0.461009
0.461018
0.461021
0.461022
0.461029
0.461043
0.461054
0.461057
0.461078
0.461081
0.461085
0.461089
0.461093
0.461094
0.461094
0.461103
0.461104
0.461109
0.46111
0.461113
0.461119
0.461126
0.461131
0.461132
0.461136
0.461137
0.461138
0.461146
0.461155
0.461161
0.461161
0.461166
0.461168
0.461171
0.461179
0.46118
0.461182
0.461201
0.461202
0.461203
0.461216
0.461222
0.461228
0.461231
0.461246
0.461258
0.461263
0.461268
0.461272
0.461274
0.461287
0.46129
0.461291
0.461293
0.461301
0.461302
0.461309
0.461314
0.461316
0.461316
0.461317
0.461325
0.461326
0.461328
0.461333
0.461334
0.461336
0.461342
0.461343
0.461347
0.46135
0.461352
0.461357
0.46136
0.461366
0.461367
0.461391
0.461395
0.461397
0.461401
0.461401
0.461408
0.461416
0.461432
0.461432
0.461436
0.461437
0.461439
0.46145
0.461456
0.461468
0.46147
0.461471
0.461476
0.461482
0.46149
0.461493
0.461501
0.461511
0.461517
0.461517
0.461526
0.461533
0.461534
0.461535
0.461535
0.461544
0.461562
0.461563
0.46157
0.461575
0.461584
0.461585
0.46159
0.461591
0.461591
0.461592
0.461604
0.461613
0.461615
0.461618
0.461622
0.46165
0.461654
0.461655
0.461662
0.461669
0.461674
0.461677
0.461683
0.461685
0.461691
0.461701
0.46171
0.46172
0.461721
0.461723
0.461727
0.461731
0.461732
0.461741
0.461741
0.461747
0.461754
0.461755
0.461758
0.461768
0.461776
0.461777
0.46178
0.46178
0.46178
0.461784
0.461786
0.461805
0.461808
0.461811
0.461811
0.461823
0.461824
0.461826
0.461831
0.461835
0.461838
0.461851
0.461852
0.461857
0.461862
0.461864
0.461869
0.461871
0.461873
0.461875
0.461883
0.461884
0.461887
0.461901
0.461914
0.461919
0.461923
0.461925
0.461932
0.461942
0.461945
0.461952
0.461953
0.461956
0.461974
0.461977
0.461982
0.462004
0.462017
0.46202
0.46203
0.462033
0.462033
0.462048
0.462061
0.462062
0.462062
0.46207
0.462082
0.462103
0.462112
0.462117
0.462118
0.462126
0.46213
0.462143
0.462146
0.462154
0.462158
0.462164
0.46217
0.462172
0.462175
0.462187
0.462213
0.462215
0.462232
0.462234
0.462249
0.462256
0.462264
0.462269
0.462274
0.46228
0.462282
0.462283
0.462308
0.462313
0.462323
0.462324
0.462325
0.462337
0.462339
0.462339
0.462341
0.462348
0.462348
0.462356
0.462366
0.462368
0.462372
0.462386
0.462391
0.462403
0.46241
0.462412
0.462426
0.462432
0.462432
0.462436
0.462441
0.462449
0.462456
0.462458
0.462478
0.462481
0.462492
0.462505
0.462509
0.462509
0.462534
0.462539
0.462542
0.462542
0.462548
0.462548
0.462549
0.462559
0.46258
0.462593
0.462622
0.462636
0.46264
0.462652
0.462659
0.462664
0.462666
0.462668
0.462695
0.462706
0.462726
0.46273
0.462738
0.462742
0.462746
0.462767
0.462768
0.462771
0.462776
0.462777
0.462788
0.462791
0.4628
0.462824
0.462877
0.462937
0.462964
0.462971
0.46298
0.462991
0.463046
0.463092
0.463094
0.463099
0.463124
0.463133
0.463142
0.463144
0.463216
0.463259
0.463284
0.463311
0.463365
0.463406
0.463414
0.463562
0.463582
0.46362
0.463632
0.463635
0.463644
0.46371
0.463731
0.463741
0.463751
0.463849
0.463898
0.463955
0.464038
0.464073
0.464243
0.464252
0.464255
0.464283
0.464357
0.464373
0.464501
0.464621
0.464839
0.541175
0.541602
0.541934
0.542515
0.542578
0.542579
0.54259
0.542812
0.542845
0.542862
0.542884
0.542954
0.543074
0.543094
0.543108
0.543138
0.543163
0.543186
0.543187
0.5433
0.543303
0.5434
0.543412
0.543459
0.543459
0.543475
0.543482
0.543497
0.543521
0.54353
0.543558
0.54364
0.543642
0.543675
0.543723
0.543774
0.543788
0.543797
0.543798
0.543806
0.543829
0.543892
0.543898
0.543914
0.543916
0.543969
0.543981
0.543992
0.543996
0.543997
0.544019
0.544031
0.544059
0.544064
0.544067
0.544089
0.54409
0.544104
0.544123
0.544126
0.544136
0.544145
0.544153
0.544164
0.54417
0.544201
0.544218
0.54424
0.544241
0.544242
0.544297
0.544301
0.544305
0.544327
0.544329
0.544353
0.54438
0.544386
0.544397
0.544406
0.544411
0.544422
0.544434
0.544434
0.544469
0.544496
0.544498
0.544501
0.544503
0.544506
0.544512
0.544525
0.544533
0.544563
0.544568
0.54457
0.544575
0.544579
0.544587
0.544592
0.544596
0.544608
0.544615
0.544617
0.544617
0.544621
0.544621
0.544633
0.544637
0.544639
0.544653
0.544676
0.544679
0.544682
0.544684
0.544689
0.544697
0.544705
0.544711
0.544715
0.54474
0.544743
0.544746
0.544746
0.544764
0.54477
0.544776
0.544778
0.544787
0.544797
0.544801
0.544804
0.544808
0.54481
0.544828
0.544832
0.544853
0.544872
0.544878
0.544898
0.544905
0.544931
0.544938
0.544943
0.54496
0.544964
0.544974
0.54498
0.544981
0.544984
0.544991
0.544994
0.545008
0.545012
0.545015
0.545021
0.545027
0.545031
0.545032
0.545034
0.545036
0.54504
0.545047
0.545048
0.545056
0.545061
0.545061
0.545064
0.545094
0.545095
0.545108
0.545111
0.545113
0.545115
0.545117
0.545124
0.545131
0.545137
0.545145
0.545153
0.545153
0.545157
0.545164
0.545177
0.545188
0.545193
0.5452
0.545207
0.545213
0.545214
0.545234
0.545234
0.54525
0.545251
0.545261
0.545261
0.545266
0.54527
0.545273
0.545278
0.545283
0.545302
0.545305
0.545314
0.545316
0.545319
0.545326
0.545342
0.545345
0.545347
0.545353
0.545372
0.545376
0.545379
0.545383
0.545387
0.545394
0.545402
0.545403
0.545409
0.545409
0.54542
0.54542
0.545428
0.54543
0.545432
0.545434
0.545434
0.545446
0.545451
0.545456
0.545463
0.545465
0.545468
0.545476
0.545476
0.54548
0.545487
0.545488
0.545491
0.54551
0.54551
0.545512
0.545512
0.545519
0.54552
0.545524
0.545526
0.545536
0.545537
0.545544
0.545544
0.545546
0.545547
0.545563
0.54557
0.545578
0.54558
0.545586
0.545588
0.54559
0.545591
0.545592
0.545596
0.5456
0.545601
0.545609
0.545614
0.545614
0.545616
0.545618
0.545624
0.545625
0.545627
0.545636
0.545641
0.545645
0.545647
0.545649
0.545649
0.545651
0.545661
0.545667
0.545668
0.545668
0.545669
0.545672
0.545676
0.545682
0.545694
0.545695
0.545697
0.54571
0.545713
0.545717
0.545718
0.545742
0.545749
0.545754
0.545758
0.545771
0.545772
0.545773
0.545773
0.545785
0.545792
0.545795
0.545802
0.545811
0.545817
0.545822
0.545829
0.545835
0.54584
0.54585
0.545853
0.545853
0.545856
0.545858
0.545867
0.545868
0.545868
0.545872
0.545878
0.545879
0.545888
0.54589
0.545896
0.545905
0.545922
0.545925
0.545926
0.545933
0.545935
0.545943
0.545944
0.545953
0.545956
0.545956
0.545957
0.545969
0.545976
0.545982
0.545988
0.545992
0.545995
0.545997
0.545998
0.546004
0.546006
0.546008
0.546013
0.546031
0.546035
0.546038
0.546042
0.546044
0.546067
0.546073
0.546077
0.546077
0.546079
0.54608
0.546085
0.54609
0.5461
0.546104
0.546111
0.546111
0.546115
0.546141
0.546145
0.546146
0.546146
0.546147
0.54615
0.546153
0.546166
0.546167
0.546168
0.546172
0.546175
0.546179
0.546184
0.546184
0.546185
0.54619
0.546194
0.546198
0.546203
0.546207
0.546213
0.546216
0.546216
0.546226
0.546235
0.546239
0.546241
0.546255
0.546257
0.546271
0.546272
0.546283
0.546303
0.546307
0.546314
0.546315
0.546332
0.546337
0.546339
0.546343
0.546358
0.546361
0.546366
0.546369
0.546376
0.546384
0.546385
0.546386
0.546397
0.54642
0.546425
0.546439
0.546443
0.546457
0.546461
0.546463
0.546464
0.546465
0.546466
0.546468
0.546472
0.546482
0.54649
0.546493
0.546498
0.5465
0.5465
0.546504
0.546511
0.546512
0.54652
0.546522
0.546526
0.546547
0.546547
0.546557
0.546575
0.546586
0.546592
0.546594
0.546599
0.546603
0.546627
0.54663
0.546644
0.546651
0.546654
0.546655
0.546658
0.546658
0.546663
0.546665
0.546673
0.546674
0.546706
0.546723
0.546725
0.546732
0.546734
0.546735
0.546749
0.546753
0.546777
0.546778
0.546779
0.546782
0.546794
0.546798
0.546818
0.546827
0.546841
0.546847
0.546871
0.546887
0.546891
0.546892
0.546899
0.546916
0.546924
0.546928
0.54693
0.546934
0.54694
0.546985
0.546989
0.546999
0.547002
0.547015
0.547022
0.547068
0.547077
0.547112
0.547116
0.547141
0.54727
0.547285
0.547381
0.460044
0.460088
0.460131
0.460145
0.460147
0.460171
0.460193
0.460215
0.460228
0.46026
0.460281
0.460287
0.460294
0.4603
0.460315
0.460319
0.460333
0.460335
0.460348
0.460354
0.460356
0.460376
0.460397
0.460398
0.46041
0.460412
0.460414
0.460417
0.460427
0.460429
0.460435
0.460439
0.460452
0.460454
0.460457
0.460459
0.460464
0.460469
0.460482
0.460489
0.460495
0.460498
0.460519
0.460521
0.460524
0.460542
0.460557
0.460564
0.460577
0.460577
0.460586
0.460592
0.460596
0.46061
0.460611
0.460631
0.460635
0.460637
0.460655
0.460657
0.460676
0.460681
0.46069
0.460693
0.460703
0.460706
0.460712
0.460717
0.460719
0.460724
0.460724
0.460726
0.460729
0.460734
0.460751
0.460772
0.460774
0.460778
0.460782
0.460784
0.460785
0.460812
0.460814
0.460821
0.460822
0.460823
0.460825
0.460826
0.460834
0.460841
0.460847
0.46085
0.460854
0.460855
0.460856
0.460861
0.460877
0.460878
0.460885
0.460887
0.460889
0.460889
0.46089
0.460897
0.460903
0.460908
0.460912
0.460914
0.460915
0.460918
0.46092
0.460934
0.460938
0.460939
0.460946
0.460952
0.460952
0.460956
0.460957
0.46096
0.460962
0.460978
0.46098
0.460986
0.460992
0.460993
0.460993
0.460996
0.461003
0.461004
0.461005
0.461017
0.461022
0.461041
0.461043
0.461047
0.461053
0.461055
0.461055
0.461056
0.461057
0.46106
0.461064
0.461065
0.461066
0.461072
0.461073
0.461074
0.46108
0.461085
0.46109
0.461099
0.461102
0.461104
0.46111
0.461124
0.461135
0.461138
0.461159
0.461163
0.461166
0.46117
0.461174
0.461175
0.461175
0.461184
0.461185
0.46119
0.461191
0.461194
0.4612
0.461207
0.461212
0.461213
0.461217
0.461218
0.461219
0.461227
0.461236
0.461242
0.461242
0.461247
0.461249
0.461252
0.46126
0.461261
0.461263
0.461282
0.461283
0.461284
0.461297
0.461303
0.461309
0.461312
0.461327
0.461339
0.461344
0.461349
0.461353
0.461354
0.461368
0.461371
0.461372
0.461374
0.461382
0.461383
0.46139
0.461395
0.461397
0.461397
0.461398
0.461406
0.461407
0.461409
0.461414
0.461414
0.461417
0.461423
0.461423
0.461428
0.461431
0.461433
0.461438
0.461441
0.461447
0.461448
0.461472
0.461476
0.461478
0.461481
0.461481
0.461489
0.461497
0.461513
0.461513
0.461517
0.461518
0.46152
0.461531
0.461536
0.461549
0.461551
0.461551
0.461557
0.461563
0.461571
0.461574
0.461581
0.461591
0.461597
0.461598
0.461607
0.461614
0.461615
0.461616
0.461616
0.461625
0.461643
0.461644
0.461651
0.461656
0.461664
0.461666
0.461671
0.461672
0.461672
0.461672
0.461685
0.461694
0.461696
0.461699
0.461703
0.46173
0.461735
0.461736
0.461742
0.46175
0.461755
0.461758
0.461763
0.461765
0.461772
0.461782
0.46179
0.4618
0.461802
0.461803
0.461808
0.461812
0.461813
0.461821
0.461822
0.461827
0.461835
0.461835
0.461839
0.461849
0.461857
0.461857
0.461861
0.461861
0.461861
0.461864
0.461867
0.461885
0.461889
0.461892
0.461892
0.461903
0.461905
0.461907
0.461911
0.461916
0.461918
0.461932
0.461933
0.461938
0.461943
0.461945
0.461949
0.461951
0.461954
0.461955
0.461963
0.461964
0.461967
0.461981
0.461995
0.461999
0.462004
0.462006
0.462013
0.462023
0.462026
0.462033
0.462033
0.462037
0.462054
0.462057
0.462063
0.462085
0.462097
0.4621
0.462111
0.462113
0.462114
0.462129
0.462142
0.462143
0.462143
0.46215
0.462163
0.462184
0.462193
0.462198
0.462198
0.462207
0.46221
0.462224
0.462226
0.462235
0.462239
0.462245
0.46225
0.462252
0.462256
0.462268
0.462294
0.462295
0.462312
0.462315
0.462329
0.462336
0.462345
0.46235
0.462354
0.46236
0.462363
0.462363
0.462388
0.462394
0.462403
0.462405
0.462406
0.462418
0.462419
0.462419
0.462422
0.462428
0.462428
0.462436
0.462446
0.462448
0.462453
0.462466
0.462472
0.462484
0.46249
0.462492
0.462507
0.462512
0.462513
0.462516
0.462522
0.46253
0.462537
0.462538
0.462558
0.462561
0.462572
0.462586
0.462589
0.46259
0.462615
0.462619
0.462622
0.462623
0.462628
0.462629
0.462629
0.46264
0.462661
0.462674
0.462703
0.462716
0.46272
0.462732
0.462739
0.462744
0.462747
0.462748
0.462775
0.462786
0.462806
0.46281
0.462819
0.462822
0.462826
0.462847
0.462849
0.462851
0.462857
0.462857
0.462868
0.462871
0.46288
0.462905
0.462957
0.463017
0.463045
0.463051
0.46306
0.463071
0.463126
0.463172
0.463174
0.463179
0.463204
0.463213
0.463222
0.463224
0.463296
0.463338
0.463364
0.463391
0.463444
0.463486
0.463494
0.463642
0.463661
0.4637
0.463711
0.463714
0.463724
0.463789
0.46381
0.46382
0.463831
0.463929
0.463978
0.464035
0.464118
0.464153
0.464322
0.464332
0.464335
0.464363
0.464436
0.464452
0.46458
0.4647
0.464918
0.54107
0.541498
0.541829
0.542409
0.542472
0.542473
0.542484
0.542706
0.542739
0.542756
0.542778
0.542848
0.542968
0.542988
0.543002
0.543032
0.543057
0.54308
0.543081
0.543194
0.543197
0.543294
0.543306
0.543352
0.543352
0.543369
0.543376
0.54339
0.543414
0.543423
0.543452
0.543533
0.543535
0.543568
0.543617
0.543667
0.543681
0.54369
0.543691
0.5437
0.543722
0.543785
0.543791
0.543808
0.54381
0.543862
0.543874
0.543885
0.543889
0.54389
0.543912
0.543924
0.543952
0.543957
0.54396
0.543982
0.543983
0.543997
0.544016
0.544019
0.544029
0.544038
0.544046
0.544057
0.544063
0.544094
0.544111
0.544133
0.544134
0.544135
0.54419
0.544194
0.544198
0.544219
0.544222
0.544245
0.544273
0.544279
0.544289
0.544299
0.544303
0.544315
0.544327
0.544327
0.544362
0.544389
0.54439
0.544393
0.544395
0.544399
0.544405
0.544418
0.544426
0.544455
0.544461
0.544462
0.544468
0.544471
0.544479
0.544485
0.544489
0.544501
0.544507
0.544509
0.544509
0.544513
0.544514
0.544526
0.54453
0.544532
0.544546
0.544568
0.544571
0.544575
0.544577
0.544582
0.54459
0.544597
0.544603
0.544607
0.544632
0.544636
0.544638
0.544639
0.544657
0.544662
0.544669
0.544671
0.54468
0.54469
0.544693
0.544697
0.5447
0.544702
0.54472
0.544724
0.544745
0.544765
0.54477
0.544791
0.544798
0.544823
0.544831
0.544835
0.544853
0.544856
0.544866
0.544873
0.544874
0.544876
0.544883
0.544887
0.5449
0.544904
0.544907
0.544913
0.54492
0.544924
0.544924
0.544926
0.544928
0.544932
0.544939
0.54494
0.544948
0.544953
0.544953
0.544956
0.544986
0.544987
0.545
0.545004
0.545005
0.545007
0.545009
0.545016
0.545023
0.545029
0.545037
0.545045
0.545045
0.54505
0.545056
0.54507
0.54508
0.545085
0.545093
0.545099
0.545105
0.545107
0.545126
0.545126
0.545142
0.545143
0.545153
0.545153
0.545158
0.545162
0.545165
0.54517
0.545175
0.545194
0.545197
0.545206
0.545208
0.545211
0.545218
0.545234
0.545237
0.545239
0.545245
0.545264
0.545268
0.545271
0.545275
0.545279
0.545286
0.545294
0.545295
0.545301
0.545301
0.545312
0.545312
0.54532
0.545322
0.545324
0.545326
0.545326
0.545338
0.545343
0.545348
0.545355
0.545357
0.54536
0.545368
0.545368
0.545371
0.545379
0.54538
0.545383
0.545401
0.545402
0.545403
0.545404
0.54541
0.545412
0.545416
0.545418
0.545428
0.545429
0.545435
0.545436
0.545438
0.545439
0.545455
0.545461
0.54547
0.545472
0.545478
0.54548
0.545482
0.545482
0.545484
0.545488
0.545491
0.545492
0.545501
0.545506
0.545506
0.545508
0.54551
0.545516
0.545517
0.545519
0.545528
0.545533
0.545537
0.545539
0.545541
0.545541
0.545543
0.545553
0.545558
0.54556
0.54556
0.545561
0.545564
0.545568
0.545574
0.545586
0.545587
0.545589
0.545601
0.545605
0.545609
0.54561
0.545634
0.54564
0.545645
0.54565
0.545662
0.545664
0.545664
0.545665
0.545676
0.545684
0.545686
0.545693
0.545703
0.545708
0.545714
0.545721
0.545727
0.545732
0.545742
0.545744
0.545745
0.545748
0.545749
0.545758
0.545759
0.54576
0.545763
0.545769
0.54577
0.545779
0.545781
0.545788
0.545797
0.545814
0.545816
0.545818
0.545825
0.545827
0.545834
0.545836
0.545844
0.545847
0.545848
0.545848
0.545861
0.545867
0.545873
0.54588
0.545883
0.545887
0.545888
0.545889
0.545895
0.545898
0.545899
0.545905
0.545923
0.545926
0.54593
0.545934
0.545935
0.545959
0.545964
0.545968
0.545968
0.54597
0.545971
0.545977
0.545981
0.545991
0.545996
0.546002
0.546002
0.546006
0.546033
0.546036
0.546037
0.546038
0.546038
0.546042
0.546044
0.546058
0.546058
0.546059
0.546063
0.546066
0.54607
0.546075
0.546076
0.546077
0.546081
0.546085
0.546089
0.546094
0.546098
0.546104
0.546107
0.546107
0.546118
0.546126
0.54613
0.546132
0.546147
0.546148
0.546162
0.546163
0.546174
0.546194
0.546199
0.546205
0.546206
0.546223
0.546228
0.546231
0.546234
0.546249
0.546252
0.546257
0.54626
0.546267
0.546275
0.546276
0.546277
0.546288
0.546311
0.546316
0.54633
0.546334
0.546348
0.546352
0.546354
0.546355
0.546356
0.546357
0.546359
0.546363
0.546373
0.546381
0.546384
0.546389
0.546391
0.546391
0.546395
0.546402
0.546403
0.546411
0.546413
0.546417
0.546437
0.546438
0.546448
0.546466
0.546477
0.546483
0.546485
0.54649
0.546494
0.546518
0.546521
0.546535
0.546542
0.546545
0.546546
0.546549
0.546549
0.546554
0.546556
0.546564
0.546565
0.546597
0.546614
0.546616
0.546622
0.546625
0.546626
0.54664
0.546644
0.546667
0.546669
0.54667
0.546673
0.546685
0.546689
0.546709
0.546718
0.546732
0.546737
0.546761
0.546778
0.546782
0.546782
0.546789
0.546806
0.546815
0.546818
0.54682
0.546825
0.546831
0.546876
0.546879
0.546889
0.546893
0.546905
0.546912
0.546959
0.546968
0.547003
0.547007
0.547032
0.54716
0.547176
0.547272
0.460126
0.460169
0.460212
0.460227
0.460229
0.460253
0.460274
0.460297
0.460309
0.460341
0.460362
0.460368
0.460375
0.460381
0.460397
0.4604
0.460414
0.460417
0.460429
0.460435
0.460438
0.460457
0.460478
0.460479
0.460491
0.460494
0.460495
0.460499
0.460508
0.46051
0.460516
0.46052
0.460533
0.460535
0.460538
0.46054
0.460545
0.46055
0.460563
0.460571
0.460576
0.460579
0.4606
0.460602
0.460605
0.460623
0.460639
0.460645
0.460658
0.460658
0.460668
0.460673
0.460677
0.460691
0.460692
0.460713
0.460716
0.460718
0.460736
0.460739
0.460757
0.460763
0.460771
0.460774
0.460784
0.460787
0.460793
0.460798
0.4608
0.460805
0.460806
0.460807
0.46081
0.460816
0.460832
0.460853
0.460855
0.460859
0.460863
0.460865
0.460866
0.460893
0.460895
0.460902
0.460903
0.460904
0.460907
0.460907
0.460915
0.460922
0.460928
0.460931
0.460936
0.460937
0.460937
0.460942
0.460958
0.46096
0.460966
0.460968
0.46097
0.460971
0.460971
0.460978
0.460984
0.460989
0.460993
0.460995
0.460996
0.461
0.461001
0.461015
0.461019
0.46102
0.461028
0.461033
0.461033
0.461037
0.461038
0.461041
0.461043
0.461059
0.461061
0.461067
0.461073
0.461074
0.461074
0.461077
0.461084
0.461085
0.461086
0.461098
0.461103
0.461122
0.461124
0.461128
0.461134
0.461136
0.461136
0.461137
0.461138
0.461141
0.461145
0.461146
0.461147
0.461153
0.461154
0.461155
0.461161
0.461166
0.461171
0.46118
0.461183
0.461184
0.461191
0.461205
0.461216
0.461219
0.46124
0.461243
0.461247
0.461251
0.461255
0.461256
0.461256
0.461265
0.461266
0.461271
0.461272
0.461275
0.461281
0.461288
0.461293
0.461294
0.461298
0.461299
0.4613
0.461308
0.461317
0.461323
0.461323
0.461328
0.46133
0.461333
0.461341
0.461342
0.461344
0.461363
0.461364
0.461365
0.461378
0.461384
0.46139
0.461393
0.461407
0.46142
0.461425
0.461429
0.461434
0.461435
0.461449
0.461451
0.461453
0.461454
0.461463
0.461464
0.461471
0.461476
0.461478
0.461478
0.461478
0.461486
0.461488
0.46149
0.461495
0.461495
0.461497
0.461504
0.461504
0.461509
0.461511
0.461514
0.461519
0.461522
0.461527
0.461529
0.461553
0.461556
0.461559
0.461562
0.461562
0.46157
0.461578
0.461594
0.461594
0.461598
0.461599
0.461601
0.461611
0.461617
0.46163
0.461632
0.461632
0.461638
0.461644
0.461652
0.461655
0.461662
0.461672
0.461678
0.461678
0.461688
0.461695
0.461696
0.461696
0.461696
0.461705
0.461723
0.461725
0.461731
0.461736
0.461745
0.461746
0.461752
0.461752
0.461753
0.461753
0.461766
0.461774
0.461777
0.461779
0.461783
0.461811
0.461816
0.461817
0.461823
0.461831
0.461835
0.461839
0.461844
0.461846
0.461853
0.461862
0.461871
0.461881
0.461883
0.461884
0.461889
0.461893
0.461894
0.461902
0.461902
0.461908
0.461915
0.461916
0.46192
0.461929
0.461937
0.461938
0.461941
0.461941
0.461941
0.461945
0.461947
0.461966
0.46197
0.461972
0.461972
0.461984
0.461985
0.461987
0.461992
0.461996
0.461999
0.462012
0.462013
0.462018
0.462023
0.462025
0.46203
0.462032
0.462035
0.462036
0.462044
0.462045
0.462048
0.462062
0.462075
0.46208
0.462084
0.462086
0.462094
0.462103
0.462107
0.462114
0.462114
0.462117
0.462135
0.462138
0.462143
0.462165
0.462178
0.462181
0.462191
0.462194
0.462194
0.462209
0.462222
0.462223
0.462223
0.462231
0.462243
0.462264
0.462273
0.462278
0.462279
0.462287
0.462291
0.462304
0.462307
0.462315
0.462319
0.462325
0.462331
0.462332
0.462336
0.462348
0.462374
0.462375
0.462392
0.462395
0.46241
0.462416
0.462425
0.46243
0.462434
0.462441
0.462443
0.462443
0.462469
0.462474
0.462483
0.462485
0.462486
0.462498
0.4625
0.4625
0.462502
0.462508
0.462509
0.462517
0.462527
0.462529
0.462533
0.462547
0.462552
0.462564
0.462571
0.462572
0.462587
0.462592
0.462593
0.462597
0.462602
0.46261
0.462617
0.462618
0.462638
0.462642
0.462652
0.462666
0.462669
0.46267
0.462695
0.4627
0.462702
0.462703
0.462708
0.462709
0.46271
0.46272
0.462741
0.462754
0.462783
0.462796
0.4628
0.462812
0.462819
0.462824
0.462827
0.462828
0.462855
0.462866
0.462887
0.46289
0.462899
0.462902
0.462906
0.462927
0.462929
0.462931
0.462937
0.462937
0.462948
0.462951
0.46296
0.462985
0.463037
0.463097
0.463125
0.463131
0.46314
0.463151
0.463206
0.463252
0.463253
0.463259
0.463284
0.463293
0.463302
0.463304
0.463375
0.463418
0.463444
0.463471
0.463524
0.463565
0.463574
0.463722
0.463741
0.46378
0.463791
0.463794
0.463803
0.463869
0.46389
0.4639
0.46391
0.464008
0.464057
0.464114
0.464197
0.464232
0.464402
0.464411
0.464414
0.464442
0.464515
0.464531
0.464659
0.464779
0.464997
0.540966
0.541393
0.541724
0.542304
0.542366
0.542368
0.542379
0.5426
0.542633
0.54265
0.542673
0.542742
0.542862
0.542882
0.542896
0.542926
0.542951
0.542974
0.542975
0.543088
0.54309
0.543188
0.5432
0.543246
0.543246
0.543263
0.54327
0.543284
0.543308
0.543317
0.543345
0.543427
0.543429
0.543462
0.54351
0.54356
0.543575
0.543584
0.543585
0.543593
0.543616
0.543678
0.543685
0.543701
0.543703
0.543756
0.543767
0.543778
0.543782
0.543783
0.543806
0.543817
0.543846
0.54385
0.543853
0.543875
0.543876
0.54389
0.543909
0.543912
0.543922
0.543931
0.543939
0.543951
0.543956
0.543987
0.544004
0.544026
0.544027
0.544028
0.544083
0.544087
0.544091
0.544112
0.544115
0.544139
0.544166
0.544172
0.544182
0.544192
0.544196
0.544208
0.54422
0.54422
0.544255
0.544282
0.544283
0.544286
0.544288
0.544292
0.544298
0.544311
0.544319
0.544348
0.544354
0.544355
0.54436
0.544364
0.544372
0.544378
0.544382
0.544394
0.5444
0.544402
0.544402
0.544406
0.544407
0.544419
0.544423
0.544424
0.544438
0.544461
0.544464
0.544467
0.54447
0.544475
0.544483
0.54449
0.544496
0.5445
0.544525
0.544528
0.544531
0.544532
0.544549
0.544555
0.544562
0.544563
0.544572
0.544582
0.544586
0.54459
0.544593
0.544595
0.544613
0.544616
0.544638
0.544657
0.544662
0.544683
0.54469
0.544715
0.544723
0.544727
0.544745
0.544749
0.544759
0.544765
0.544766
0.544768
0.544775
0.544779
0.544793
0.544797
0.544799
0.544805
0.544812
0.544816
0.544816
0.544818
0.544821
0.544825
0.544832
0.544832
0.54484
0.544845
0.544845
0.544849
0.544878
0.544879
0.544893
0.544896
0.544898
0.5449
0.544902
0.544909
0.544915
0.544922
0.54493
0.544937
0.544938
0.544942
0.544948
0.544962
0.544972
0.544977
0.544985
0.544992
0.544997
0.544999
0.545018
0.545019
0.545034
0.545035
0.545045
0.545046
0.54505
0.545055
0.545057
0.545062
0.545067
0.545086
0.545089
0.545098
0.545101
0.545103
0.54511
0.545126
0.54513
0.545131
0.545137
0.545156
0.54516
0.545163
0.545167
0.545171
0.545179
0.545186
0.545187
0.545193
0.545193
0.545204
0.545204
0.545212
0.545214
0.545216
0.545218
0.545218
0.54523
0.545235
0.54524
0.545247
0.545249
0.545252
0.54526
0.54526
0.545263
0.545271
0.545272
0.545275
0.545293
0.545294
0.545295
0.545296
0.545302
0.545304
0.545308
0.54531
0.54532
0.545321
0.545327
0.545328
0.54533
0.545331
0.545347
0.545353
0.545362
0.545364
0.54537
0.545372
0.545374
0.545374
0.545376
0.54538
0.545383
0.545384
0.545393
0.545397
0.545398
0.5454
0.545402
0.545408
0.545409
0.545411
0.54542
0.545425
0.545429
0.54543
0.545433
0.545433
0.545434
0.545445
0.54545
0.545452
0.545452
0.545453
0.545456
0.545459
0.545466
0.545478
0.545479
0.545481
0.545493
0.545497
0.545501
0.545502
0.545526
0.545532
0.545537
0.545542
0.545554
0.545556
0.545556
0.545557
0.545568
0.545575
0.545578
0.545585
0.545594
0.5456
0.545606
0.545612
0.545618
0.545624
0.545634
0.545636
0.545636
0.54564
0.545641
0.54565
0.545651
0.545651
0.545655
0.545661
0.545662
0.545671
0.545673
0.54568
0.545689
0.545706
0.545708
0.545709
0.545716
0.545719
0.545726
0.545727
0.545736
0.545739
0.545739
0.54574
0.545753
0.545759
0.545765
0.545771
0.545775
0.545778
0.54578
0.545781
0.545787
0.545789
0.545791
0.545796
0.545814
0.545818
0.545821
0.545825
0.545827
0.54585
0.545855
0.54586
0.54586
0.545862
0.545863
0.545868
0.545873
0.545883
0.545887
0.545893
0.545894
0.545898
0.545924
0.545927
0.545929
0.545929
0.54593
0.545933
0.545935
0.545949
0.545949
0.54595
0.545955
0.545958
0.545962
0.545967
0.545967
0.545968
0.545973
0.545977
0.545981
0.545986
0.545989
0.545996
0.545998
0.545998
0.546009
0.546018
0.546021
0.546023
0.546038
0.546039
0.546054
0.546055
0.546065
0.546086
0.54609
0.546096
0.546097
0.546114
0.54612
0.546122
0.546125
0.54614
0.546143
0.546148
0.546152
0.546159
0.546166
0.546168
0.546169
0.546179
0.546202
0.546207
0.546222
0.546225
0.546239
0.546243
0.546245
0.546247
0.546247
0.546248
0.54625
0.546254
0.546264
0.546272
0.546275
0.54628
0.546282
0.546282
0.546286
0.546293
0.546294
0.546302
0.546304
0.546308
0.546329
0.546329
0.546339
0.546357
0.546368
0.546374
0.546376
0.546381
0.546385
0.546409
0.546412
0.546426
0.546433
0.546436
0.546437
0.54644
0.54644
0.546445
0.546447
0.546455
0.546456
0.546488
0.546505
0.546507
0.546513
0.546516
0.546517
0.546531
0.546535
0.546558
0.54656
0.546561
0.546564
0.546576
0.546579
0.5466
0.546609
0.546623
0.546628
0.546652
0.546669
0.546673
0.546673
0.54668
0.546697
0.546706
0.546709
0.546711
0.546716
0.546722
0.546766
0.54677
0.54678
0.546784
0.546796
0.546803
0.546849
0.546858
0.546893
0.546897
0.546922
0.547051
0.547066
0.547162
0.460207
0.460251
0.460294
0.460308
0.46031
0.460334
0.460356
0.460378
0.46039
0.460423
0.460444
0.460449
0.460456
0.460463
0.460478
0.460482
0.460495
0.460498
0.46051
0.460517
0.460519
0.460538
0.460559
0.460561
0.460573
0.460575
0.460577
0.46058
0.460589
0.460591
0.460597
0.460601
0.460614
0.460616
0.46062
0.460621
0.460626
0.460632
0.460644
0.460652
0.460657
0.46066
0.460681
0.460683
0.460686
0.460704
0.46072
0.460726
0.460739
0.46074
0.460749
0.460754
0.460758
0.460773
0.460773
0.460794
0.460798
0.460799
0.460817
0.46082
0.460838
0.460844
0.460852
0.460855
0.460865
0.460869
0.460874
0.460879
0.460881
0.460887
0.460887
0.460888
0.460891
0.460897
0.460913
0.460934
0.460936
0.46094
0.460944
0.460946
0.460947
0.460974
0.460976
0.460983
0.460984
0.460985
0.460988
0.460989
0.460996
0.461003
0.461009
0.461012
0.461017
0.461018
0.461018
0.461023
0.461039
0.461041
0.461047
0.461049
0.461051
0.461051
0.461052
0.461059
0.461065
0.46107
0.461074
0.461076
0.461077
0.46108
0.461082
0.461096
0.4611
0.461101
0.461108
0.461114
0.461114
0.461118
0.461119
0.461122
0.461124
0.46114
0.461142
0.461148
0.461154
0.461155
0.461155
0.461158
0.461165
0.461165
0.461167
0.461179
0.461184
0.461203
0.461205
0.461209
0.461215
0.461217
0.461217
0.461218
0.461219
0.461222
0.461226
0.461227
0.461228
0.461234
0.461235
0.461236
0.461242
0.461247
0.461252
0.461261
0.461264
0.461265
0.461272
0.461285
0.461297
0.4613
0.461321
0.461324
0.461328
0.461332
0.461336
0.461337
0.461337
0.461346
0.461347
0.461352
0.461353
0.461356
0.461362
0.461369
0.461373
0.461375
0.461379
0.46138
0.461381
0.461389
0.461398
0.461403
0.461404
0.461409
0.461411
0.461414
0.461421
0.461422
0.461425
0.461444
0.461444
0.461446
0.461459
0.461465
0.461471
0.461474
0.461488
0.461501
0.461505
0.46151
0.461515
0.461516
0.461529
0.461532
0.461533
0.461535
0.461544
0.461545
0.461552
0.461556
0.461559
0.461559
0.461559
0.461567
0.461568
0.461571
0.461576
0.461576
0.461578
0.461585
0.461585
0.46159
0.461592
0.461595
0.4616
0.461602
0.461608
0.46161
0.461633
0.461637
0.461639
0.461643
0.461643
0.461651
0.461658
0.461674
0.461675
0.461678
0.461679
0.461681
0.461692
0.461698
0.461711
0.461712
0.461713
0.461719
0.461724
0.461732
0.461736
0.461743
0.461753
0.461759
0.461759
0.461768
0.461775
0.461777
0.461777
0.461777
0.461786
0.461804
0.461806
0.461812
0.461817
0.461826
0.461827
0.461832
0.461833
0.461833
0.461834
0.461846
0.461855
0.461857
0.46186
0.461864
0.461892
0.461896
0.461897
0.461904
0.461911
0.461916
0.461919
0.461925
0.461927
0.461933
0.461943
0.461951
0.461962
0.461963
0.461964
0.461969
0.461973
0.461974
0.461982
0.461983
0.461988
0.461996
0.461997
0.462
0.46201
0.462018
0.462019
0.462022
0.462022
0.462022
0.462025
0.462028
0.462046
0.46205
0.462053
0.462053
0.462065
0.462066
0.462068
0.462073
0.462077
0.462079
0.462093
0.462094
0.462099
0.462104
0.462106
0.46211
0.462112
0.462115
0.462116
0.462124
0.462125
0.462128
0.462142
0.462156
0.46216
0.462165
0.462167
0.462174
0.462184
0.462187
0.462194
0.462194
0.462198
0.462215
0.462218
0.462224
0.462246
0.462258
0.462261
0.462272
0.462274
0.462274
0.46229
0.462303
0.462304
0.462304
0.462311
0.462323
0.462344
0.462353
0.462359
0.462359
0.462367
0.462371
0.462385
0.462387
0.462395
0.4624
0.462405
0.462411
0.462413
0.462416
0.462428
0.462455
0.462456
0.462473
0.462475
0.46249
0.462497
0.462505
0.46251
0.462515
0.462521
0.462523
0.462524
0.462549
0.462554
0.462564
0.462565
0.462566
0.462578
0.46258
0.46258
0.462582
0.462589
0.462589
0.462597
0.462607
0.462609
0.462613
0.462627
0.462632
0.462644
0.462651
0.462653
0.462667
0.462672
0.462673
0.462677
0.462682
0.46269
0.462697
0.462698
0.462719
0.462722
0.462733
0.462746
0.462749
0.46275
0.462775
0.46278
0.462782
0.462783
0.462788
0.462789
0.46279
0.4628
0.462821
0.462834
0.462863
0.462876
0.46288
0.462892
0.462899
0.462905
0.462907
0.462908
0.462936
0.462946
0.462967
0.46297
0.462979
0.462982
0.462986
0.463007
0.463009
0.463011
0.463017
0.463017
0.463028
0.463031
0.46304
0.463065
0.463117
0.463177
0.463204
0.46321
0.46322
0.463231
0.463286
0.463332
0.463333
0.463338
0.463364
0.463373
0.463382
0.463384
0.463455
0.463498
0.463524
0.463551
0.463604
0.463645
0.463653
0.463801
0.463821
0.463859
0.46387
0.463874
0.463883
0.463949
0.463969
0.463979
0.46399
0.464088
0.464137
0.464193
0.464276
0.464312
0.464481
0.46449
0.464493
0.464521
0.464594
0.46461
0.464738
0.464858
0.465076
0.540862
0.541289
0.541619
0.542199
0.542261
0.542262
0.542274
0.542495
0.542527
0.542545
0.542567
0.542636
0.542757
0.542776
0.54279
0.542821
0.542845
0.542868
0.542869
0.542982
0.542985
0.543082
0.543094
0.54314
0.54314
0.543157
0.543164
0.543178
0.543202
0.543211
0.543239
0.543321
0.543323
0.543356
0.543404
0.543454
0.543469
0.543477
0.543478
0.543487
0.543509
0.543572
0.543578
0.543595
0.543597
0.543649
0.543661
0.543672
0.543676
0.543676
0.543699
0.543711
0.543739
0.543744
0.543747
0.543769
0.54377
0.543783
0.543803
0.543806
0.543815
0.543825
0.543832
0.543844
0.54385
0.543881
0.543898
0.54392
0.54392
0.543922
0.543977
0.543981
0.543984
0.544006
0.544008
0.544032
0.544059
0.544065
0.544076
0.544085
0.544089
0.544101
0.544113
0.544113
0.544148
0.544175
0.544176
0.544179
0.544181
0.544185
0.544191
0.544204
0.544212
0.544241
0.544247
0.544248
0.544253
0.544257
0.544265
0.544271
0.544275
0.544287
0.544293
0.544295
0.544295
0.544299
0.5443
0.544312
0.544316
0.544317
0.544331
0.544354
0.544357
0.54436
0.544363
0.544367
0.544376
0.544383
0.544389
0.544393
0.544418
0.544421
0.544424
0.544424
0.544442
0.544448
0.544455
0.544456
0.544465
0.544475
0.544479
0.544483
0.544486
0.544488
0.544506
0.544509
0.54453
0.54455
0.544555
0.544576
0.544583
0.544608
0.544616
0.54462
0.544638
0.544642
0.544652
0.544658
0.544659
0.544661
0.544668
0.544672
0.544686
0.544689
0.544692
0.544698
0.544705
0.544709
0.544709
0.544711
0.544713
0.544718
0.544724
0.544725
0.544733
0.544738
0.544738
0.544742
0.544771
0.544772
0.544785
0.544789
0.54479
0.544792
0.544794
0.544801
0.544808
0.544814
0.544822
0.54483
0.54483
0.544835
0.544841
0.544854
0.544865
0.54487
0.544877
0.544884
0.54489
0.544891
0.54491
0.544911
0.544927
0.544928
0.544938
0.544938
0.544942
0.544947
0.54495
0.544954
0.54496
0.544978
0.544982
0.544991
0.544993
0.544995
0.545003
0.545018
0.545022
0.545023
0.545029
0.545048
0.545053
0.545056
0.54506
0.545063
0.545071
0.545078
0.54508
0.545085
0.545085
0.545096
0.545097
0.545104
0.545107
0.545109
0.54511
0.54511
0.545123
0.545127
0.545133
0.545139
0.545141
0.545144
0.545152
0.545152
0.545156
0.545163
0.545164
0.545168
0.545186
0.545186
0.545187
0.545188
0.545195
0.545196
0.5452
0.545203
0.545212
0.545213
0.54522
0.54522
0.545222
0.545223
0.545239
0.545246
0.545254
0.545256
0.545262
0.545264
0.545266
0.545266
0.545268
0.545272
0.545276
0.545276
0.545285
0.54529
0.54529
0.545292
0.545294
0.5453
0.545301
0.545303
0.545312
0.545317
0.545321
0.545323
0.545325
0.545325
0.545327
0.545337
0.545342
0.545344
0.545344
0.545345
0.545348
0.545351
0.545358
0.54537
0.545371
0.545373
0.545385
0.545389
0.545393
0.545394
0.545418
0.545424
0.545429
0.545434
0.545446
0.545448
0.545448
0.545449
0.54546
0.545467
0.54547
0.545477
0.545486
0.545492
0.545498
0.545504
0.54551
0.545516
0.545526
0.545528
0.545528
0.545532
0.545533
0.545542
0.545543
0.545543
0.545547
0.545553
0.545553
0.545563
0.545565
0.545571
0.545581
0.545598
0.5456
0.545601
0.545608
0.54561
0.545618
0.545619
0.545628
0.545631
0.545631
0.545632
0.545644
0.545651
0.545657
0.545663
0.545667
0.54567
0.545672
0.545673
0.545679
0.545681
0.545683
0.545688
0.545706
0.54571
0.545713
0.545717
0.545719
0.545742
0.545747
0.545752
0.545752
0.545753
0.545755
0.54576
0.545764
0.545774
0.545779
0.545785
0.545785
0.54579
0.545816
0.545819
0.54582
0.545821
0.545822
0.545825
0.545827
0.545841
0.545841
0.545842
0.545846
0.545849
0.545854
0.545859
0.545859
0.54586
0.545864
0.545868
0.545872
0.545877
0.545881
0.545887
0.54589
0.54589
0.545901
0.545909
0.545913
0.545915
0.545929
0.545931
0.545945
0.545946
0.545957
0.545977
0.545982
0.545988
0.545989
0.546005
0.546011
0.546013
0.546017
0.546031
0.546034
0.546039
0.546043
0.54605
0.546058
0.546059
0.54606
0.546071
0.546094
0.546098
0.546113
0.546117
0.54613
0.546134
0.546136
0.546138
0.546139
0.546139
0.546141
0.546145
0.546156
0.546164
0.546166
0.546171
0.546173
0.546173
0.546178
0.546184
0.546185
0.546194
0.546195
0.5462
0.54622
0.546221
0.546231
0.546248
0.546259
0.546266
0.546267
0.546272
0.546276
0.5463
0.546303
0.546317
0.546324
0.546327
0.546328
0.546331
0.546332
0.546336
0.546338
0.546346
0.546347
0.546379
0.546396
0.546398
0.546405
0.546407
0.546408
0.546422
0.546426
0.54645
0.546451
0.546452
0.546455
0.546467
0.546471
0.546491
0.5465
0.546514
0.546519
0.546543
0.54656
0.546564
0.546564
0.546571
0.546588
0.546597
0.5466
0.546602
0.546607
0.546613
0.546657
0.546661
0.546671
0.546675
0.546687
0.546694
0.54674
0.546749
0.546784
0.546788
0.546813
0.546941
0.546957
0.547053
0.460289
0.460332
0.460375
0.460389
0.460391
0.460415
0.460437
0.460459
0.460472
0.460504
0.460525
0.460531
0.460538
0.460544
0.460559
0.460563
0.460576
0.460579
0.460591
0.460598
0.4606
0.46062
0.460641
0.460642
0.460654
0.460656
0.460658
0.460661
0.460671
0.460672
0.460678
0.460682
0.460695
0.460697
0.460701
0.460702
0.460707
0.460713
0.460725
0.460733
0.460738
0.460742
0.460762
0.460764
0.460767
0.460785
0.460801
0.460807
0.460821
0.460821
0.46083
0.460835
0.460839
0.460854
0.460854
0.460875
0.460879
0.46088
0.460898
0.460901
0.460919
0.460925
0.460933
0.460936
0.460946
0.46095
0.460955
0.46096
0.460962
0.460968
0.460968
0.460969
0.460972
0.460978
0.460994
0.461015
0.461017
0.461021
0.461025
0.461027
0.461028
0.461055
0.461057
0.461064
0.461065
0.461066
0.461069
0.461069
0.461077
0.461084
0.46109
0.461093
0.461097
0.461099
0.461099
0.461104
0.46112
0.461121
0.461128
0.46113
0.461132
0.461132
0.461133
0.46114
0.461146
0.461151
0.461155
0.461157
0.461158
0.461161
0.461163
0.461177
0.461181
0.461181
0.461189
0.461195
0.461195
0.461199
0.4612
0.461203
0.461205
0.461221
0.461223
0.461229
0.461235
0.461236
0.461236
0.461238
0.461245
0.461246
0.461248
0.46126
0.461264
0.461284
0.461286
0.46129
0.461296
0.461298
0.461298
0.461299
0.4613
0.461303
0.461307
0.461308
0.461309
0.461314
0.461316
0.461317
0.461322
0.461328
0.461333
0.461342
0.461345
0.461346
0.461353
0.461366
0.461378
0.46138
0.461402
0.461405
0.461409
0.461412
0.461416
0.461417
0.461418
0.461426
0.461428
0.461433
0.461434
0.461437
0.461443
0.46145
0.461454
0.461456
0.46146
0.46146
0.461461
0.46147
0.461479
0.461484
0.461485
0.46149
0.461492
0.461494
0.461502
0.461503
0.461505
0.461525
0.461525
0.461527
0.46154
0.461545
0.461552
0.461555
0.461569
0.461581
0.461586
0.461591
0.461595
0.461597
0.46161
0.461613
0.461614
0.461616
0.461624
0.461625
0.461632
0.461637
0.461639
0.461639
0.46164
0.461648
0.461649
0.461651
0.461656
0.461657
0.461659
0.461665
0.461666
0.46167
0.461673
0.461675
0.46168
0.461683
0.461689
0.46169
0.461714
0.461718
0.46172
0.461723
0.461723
0.461731
0.461739
0.461755
0.461755
0.461759
0.46176
0.461762
0.461773
0.461778
0.461791
0.461793
0.461794
0.461799
0.461805
0.461813
0.461816
0.461823
0.461833
0.461839
0.461839
0.461849
0.461856
0.461857
0.461857
0.461858
0.461867
0.461885
0.461886
0.461893
0.461897
0.461906
0.461908
0.461913
0.461914
0.461914
0.461914
0.461927
0.461935
0.461938
0.461941
0.461944
0.461972
0.461977
0.461978
0.461984
0.461992
0.461996
0.462
0.462005
0.462007
0.462014
0.462023
0.462032
0.462042
0.462044
0.462045
0.46205
0.462054
0.462055
0.462063
0.462063
0.462069
0.462076
0.462077
0.462081
0.46209
0.462098
0.462099
0.462102
0.462102
0.462102
0.462106
0.462108
0.462127
0.462131
0.462133
0.462133
0.462145
0.462146
0.462148
0.462153
0.462157
0.46216
0.462173
0.462174
0.462179
0.462184
0.462186
0.462191
0.462193
0.462195
0.462197
0.462205
0.462206
0.462209
0.462223
0.462236
0.462241
0.462245
0.462247
0.462254
0.462264
0.462267
0.462274
0.462275
0.462278
0.462295
0.462298
0.462304
0.462326
0.462339
0.462342
0.462352
0.462354
0.462355
0.46237
0.462383
0.462384
0.462384
0.462391
0.462404
0.462425
0.462434
0.462439
0.462439
0.462447
0.462451
0.462465
0.462467
0.462476
0.46248
0.462486
0.462491
0.462493
0.462496
0.462509
0.462535
0.462536
0.462553
0.462556
0.46257
0.462577
0.462585
0.46259
0.462595
0.462601
0.462603
0.462604
0.462629
0.462635
0.462644
0.462645
0.462647
0.462658
0.46266
0.46266
0.462662
0.462669
0.462669
0.462677
0.462687
0.462689
0.462693
0.462707
0.462712
0.462724
0.462731
0.462733
0.462747
0.462752
0.462753
0.462757
0.462762
0.46277
0.462777
0.462778
0.462799
0.462802
0.462813
0.462826
0.462829
0.46283
0.462855
0.46286
0.462862
0.462863
0.462868
0.462869
0.46287
0.46288
0.462901
0.462914
0.462943
0.462956
0.46296
0.462972
0.462979
0.462984
0.462987
0.462988
0.463015
0.463026
0.463046
0.46305
0.463059
0.463062
0.463066
0.463087
0.463089
0.463091
0.463097
0.463097
0.463108
0.463111
0.46312
0.463144
0.463197
0.463257
0.463284
0.46329
0.4633
0.463311
0.463366
0.463411
0.463413
0.463418
0.463444
0.463453
0.463461
0.463464
0.463535
0.463578
0.463603
0.46363
0.463683
0.463725
0.463733
0.463881
0.4639
0.463939
0.46395
0.463953
0.463962
0.464028
0.464049
0.464059
0.464069
0.464167
0.464216
0.464273
0.464356
0.464391
0.46456
0.464569
0.464572
0.4646
0.464673
0.464689
0.464817
0.464937
0.465155
0.540758
0.541184
0.541515
0.542094
0.542156
0.542157
0.542169
0.542389
0.542422
0.542439
0.542462
0.542531
0.542651
0.542671
0.542685
0.542715
0.542739
0.542762
0.542763
0.542876
0.542879
0.542976
0.542988
0.543034
0.543034
0.543051
0.543058
0.543072
0.543096
0.543105
0.543133
0.543215
0.543217
0.54325
0.543298
0.543348
0.543362
0.543371
0.543372
0.543381
0.543403
0.543466
0.543472
0.543488
0.543491
0.543543
0.543554
0.543565
0.543569
0.54357
0.543593
0.543605
0.543633
0.543637
0.543641
0.543662
0.543663
0.543677
0.543697
0.543699
0.543709
0.543718
0.543726
0.543738
0.543743
0.543774
0.543791
0.543813
0.543814
0.543815
0.54387
0.543874
0.543878
0.543899
0.543902
0.543925
0.543952
0.543958
0.543969
0.543978
0.543983
0.543995
0.544006
0.544007
0.544042
0.544068
0.54407
0.544073
0.544075
0.544078
0.544084
0.544097
0.544105
0.544134
0.54414
0.544141
0.544146
0.54415
0.544158
0.544164
0.544168
0.54418
0.544186
0.544188
0.544188
0.544192
0.544193
0.544205
0.544209
0.544211
0.544224
0.544247
0.54425
0.544254
0.544256
0.544261
0.544269
0.544276
0.544282
0.544286
0.544311
0.544314
0.544317
0.544317
0.544335
0.544341
0.544348
0.544349
0.544358
0.544368
0.544372
0.544376
0.544379
0.544381
0.544399
0.544402
0.544423
0.544443
0.544448
0.544469
0.544476
0.544501
0.544509
0.544513
0.544531
0.544535
0.544545
0.544551
0.544552
0.544554
0.544561
0.544565
0.544578
0.544582
0.544585
0.544591
0.544597
0.544602
0.544602
0.544604
0.544606
0.54461
0.544617
0.544618
0.544626
0.544631
0.544631
0.544634
0.544664
0.544665
0.544678
0.544681
0.544683
0.544685
0.544687
0.544694
0.544701
0.544707
0.544715
0.544723
0.544723
0.544728
0.544734
0.544747
0.544757
0.544763
0.54477
0.544777
0.544783
0.544784
0.544803
0.544804
0.544819
0.54482
0.54483
0.544831
0.544835
0.54484
0.544842
0.544847
0.544852
0.544871
0.544874
0.544883
0.544885
0.544888
0.544895
0.544911
0.544914
0.544916
0.544922
0.544941
0.544945
0.544948
0.544952
0.544956
0.544963
0.544971
0.544972
0.544978
0.544978
0.544989
0.544989
0.544997
0.544999
0.545001
0.545002
0.545003
0.545015
0.54502
0.545025
0.545032
0.545034
0.545037
0.545044
0.545045
0.545048
0.545056
0.545056
0.54506
0.545078
0.545078
0.54508
0.545081
0.545087
0.545088
0.545092
0.545095
0.545105
0.545106
0.545112
0.545113
0.545114
0.545115
0.545132
0.545138
0.545147
0.545148
0.545155
0.545156
0.545158
0.545159
0.545161
0.545164
0.545168
0.545169
0.545177
0.545182
0.545182
0.545184
0.545186
0.545192
0.545193
0.545195
0.545204
0.545209
0.545213
0.545215
0.545217
0.545218
0.545219
0.545229
0.545235
0.545236
0.545236
0.545237
0.54524
0.545244
0.54525
0.545262
0.545263
0.545265
0.545278
0.545281
0.545285
0.545286
0.54531
0.545316
0.545321
0.545326
0.545338
0.54534
0.54534
0.545341
0.545352
0.545359
0.545362
0.545369
0.545378
0.545384
0.54539
0.545397
0.545402
0.545408
0.545418
0.54542
0.54542
0.545424
0.545425
0.545434
0.545435
0.545435
0.545439
0.545445
0.545446
0.545455
0.545457
0.545463
0.545473
0.54549
0.545492
0.545493
0.5455
0.545502
0.54551
0.545511
0.54552
0.545523
0.545523
0.545524
0.545536
0.545543
0.545549
0.545555
0.545559
0.545562
0.545564
0.545565
0.545571
0.545573
0.545575
0.54558
0.545598
0.545602
0.545605
0.545609
0.545611
0.545634
0.545639
0.545644
0.545644
0.545645
0.545646
0.545652
0.545656
0.545666
0.545671
0.545677
0.545677
0.545681
0.545708
0.545711
0.545712
0.545713
0.545713
0.545717
0.545719
0.545733
0.545733
0.545734
0.545738
0.545741
0.545745
0.54575
0.545751
0.545752
0.545756
0.54576
0.545764
0.545769
0.545773
0.545779
0.545782
0.545782
0.545792
0.545801
0.545805
0.545806
0.545821
0.545823
0.545837
0.545838
0.545848
0.545869
0.545873
0.54588
0.54588
0.545897
0.545903
0.545905
0.545908
0.545923
0.545926
0.545931
0.545935
0.545942
0.54595
0.545951
0.545952
0.545962
0.545986
0.54599
0.546005
0.546008
0.546022
0.546026
0.546028
0.54603
0.54603
0.546031
0.546033
0.546037
0.546047
0.546055
0.546058
0.546063
0.546065
0.546065
0.546069
0.546076
0.546077
0.546085
0.546087
0.546091
0.546111
0.546112
0.546122
0.54614
0.546151
0.546157
0.546158
0.546164
0.546168
0.546192
0.546194
0.546209
0.546216
0.546218
0.54622
0.546222
0.546223
0.546227
0.54623
0.546238
0.546239
0.54627
0.546288
0.546289
0.546296
0.546298
0.546299
0.546313
0.546317
0.546341
0.546342
0.546343
0.546346
0.546358
0.546362
0.546382
0.546391
0.546405
0.546411
0.546435
0.546451
0.546455
0.546455
0.546462
0.546479
0.546488
0.546491
0.546493
0.546498
0.546504
0.546549
0.546552
0.546562
0.546566
0.546578
0.546585
0.546631
0.54664
0.546675
0.546679
0.546704
0.546832
0.546848
0.546943
0.46037
0.460413
0.460456
0.460471
0.460473
0.460497
0.460518
0.460541
0.460553
0.460585
0.460606
0.460612
0.460619
0.460625
0.46064
0.460644
0.460657
0.46066
0.460673
0.460679
0.460681
0.460701
0.460722
0.460723
0.460735
0.460737
0.460739
0.460742
0.460752
0.460753
0.460759
0.460763
0.460776
0.460778
0.460782
0.460783
0.460788
0.460794
0.460806
0.460814
0.460819
0.460823
0.460843
0.460845
0.460848
0.460866
0.460882
0.460888
0.460901
0.460902
0.460911
0.460916
0.46092
0.460935
0.460935
0.460956
0.46096
0.460961
0.460979
0.460982
0.461
0.461005
0.461014
0.461017
0.461027
0.46103
0.461036
0.461041
0.461043
0.461048
0.461048
0.46105
0.461053
0.461059
0.461075
0.461096
0.461098
0.461102
0.461106
0.461108
0.461109
0.461136
0.461138
0.461145
0.461146
0.461147
0.461149
0.46115
0.461158
0.461165
0.461171
0.461174
0.461178
0.461179
0.46118
0.461185
0.461201
0.461202
0.461209
0.461211
0.461212
0.461213
0.461214
0.46122
0.461227
0.461232
0.461236
0.461237
0.461239
0.461242
0.461243
0.461258
0.461262
0.461262
0.46127
0.461275
0.461276
0.461279
0.46128
0.461283
0.461285
0.461302
0.461304
0.46131
0.461315
0.461316
0.461317
0.461319
0.461326
0.461327
0.461329
0.461341
0.461345
0.461365
0.461367
0.46137
0.461377
0.461379
0.461379
0.46138
0.46138
0.461384
0.461387
0.461389
0.46139
0.461395
0.461396
0.461398
0.461403
0.461408
0.461414
0.461423
0.461425
0.461427
0.461433
0.461447
0.461458
0.461461
0.461482
0.461486
0.46149
0.461493
0.461497
0.461498
0.461498
0.461507
0.461508
0.461513
0.461514
0.461518
0.461523
0.46153
0.461535
0.461536
0.461541
0.461541
0.461542
0.461551
0.461559
0.461565
0.461565
0.46157
0.461572
0.461575
0.461583
0.461584
0.461586
0.461606
0.461606
0.461607
0.46162
0.461626
0.461632
0.461635
0.46165
0.461662
0.461667
0.461671
0.461676
0.461677
0.461691
0.461693
0.461694
0.461696
0.461705
0.461706
0.461713
0.461718
0.46172
0.46172
0.46172
0.461728
0.461729
0.461732
0.461737
0.461737
0.461739
0.461746
0.461746
0.461751
0.461753
0.461756
0.461761
0.461763
0.461769
0.461771
0.461794
0.461798
0.461801
0.461804
0.461804
0.461812
0.461819
0.461836
0.461836
0.46184
0.46184
0.461842
0.461853
0.461859
0.461872
0.461873
0.461874
0.46188
0.461885
0.461893
0.461897
0.461904
0.461914
0.46192
0.46192
0.461929
0.461936
0.461938
0.461938
0.461938
0.461947
0.461965
0.461967
0.461973
0.461978
0.461987
0.461988
0.461993
0.461994
0.461994
0.461995
0.462007
0.462016
0.462018
0.462021
0.462025
0.462053
0.462057
0.462058
0.462065
0.462072
0.462077
0.46208
0.462085
0.462087
0.462094
0.462104
0.462112
0.462122
0.462124
0.462125
0.46213
0.462134
0.462135
0.462143
0.462144
0.462149
0.462156
0.462157
0.462161
0.46217
0.462178
0.462179
0.462182
0.462183
0.462183
0.462186
0.462188
0.462207
0.462211
0.462213
0.462213
0.462225
0.462226
0.462229
0.462233
0.462237
0.46224
0.462254
0.462255
0.462259
0.462265
0.462267
0.462271
0.462273
0.462276
0.462277
0.462285
0.462286
0.462289
0.462303
0.462316
0.462321
0.462325
0.462327
0.462335
0.462344
0.462347
0.462355
0.462355
0.462358
0.462376
0.462379
0.462384
0.462406
0.462419
0.462422
0.462432
0.462434
0.462435
0.46245
0.462463
0.462464
0.462464
0.462471
0.462484
0.462505
0.462514
0.462519
0.462519
0.462528
0.462531
0.462545
0.462547
0.462556
0.46256
0.462566
0.462571
0.462573
0.462577
0.462589
0.462615
0.462616
0.462633
0.462636
0.46265
0.462657
0.462665
0.46267
0.462675
0.462681
0.462683
0.462684
0.462709
0.462715
0.462724
0.462725
0.462727
0.462738
0.46274
0.46274
0.462743
0.462749
0.462749
0.462757
0.462767
0.462769
0.462773
0.462787
0.462792
0.462804
0.462811
0.462813
0.462827
0.462832
0.462833
0.462837
0.462842
0.46285
0.462857
0.462858
0.462879
0.462882
0.462893
0.462906
0.462909
0.46291
0.462935
0.46294
0.462942
0.462943
0.462948
0.462949
0.46295
0.46296
0.462981
0.462994
0.463023
0.463036
0.46304
0.463052
0.463059
0.463064
0.463067
0.463068
0.463095
0.463106
0.463126
0.46313
0.463139
0.463142
0.463146
0.463167
0.463168
0.463171
0.463176
0.463177
0.463188
0.463191
0.4632
0.463224
0.463277
0.463337
0.463364
0.46337
0.46338
0.463391
0.463445
0.463491
0.463493
0.463498
0.463524
0.463532
0.463541
0.463544
0.463614
0.463657
0.463683
0.46371
0.463763
0.463804
0.463813
0.46396
0.463979
0.464018
0.464029
0.464032
0.464042
0.464107
0.464128
0.464138
0.464149
0.464246
0.464295
0.464352
0.464435
0.46447
0.464639
0.464648
0.464652
0.464679
0.464753
0.464768
0.464896
0.465016
0.465233
0.540654
0.54108
0.54141
0.541989
0.542051
0.542052
0.542064
0.542284
0.542317
0.542334
0.542356
0.542426
0.542546
0.542566
0.542579
0.54261
0.542634
0.542657
0.542658
0.542771
0.542773
0.542871
0.542882
0.542929
0.542929
0.542945
0.542952
0.542967
0.54299
0.543
0.543028
0.543109
0.543111
0.543144
0.543192
0.543242
0.543256
0.543265
0.543266
0.543275
0.543297
0.54336
0.543366
0.543382
0.543385
0.543437
0.543448
0.543459
0.543463
0.543464
0.543487
0.543498
0.543527
0.543531
0.543534
0.543556
0.543557
0.543571
0.54359
0.543593
0.543603
0.543612
0.54362
0.543631
0.543637
0.543668
0.543685
0.543707
0.543707
0.543709
0.543764
0.543768
0.543771
0.543793
0.543795
0.543819
0.543846
0.543852
0.543863
0.543872
0.543876
0.543888
0.5439
0.5439
0.543935
0.543962
0.543963
0.543966
0.543968
0.543971
0.543977
0.543991
0.543998
0.544028
0.544033
0.544034
0.54404
0.544044
0.544052
0.544058
0.544061
0.544073
0.54408
0.544081
0.544082
0.544086
0.544086
0.544098
0.544102
0.544104
0.544118
0.544141
0.544144
0.544147
0.544149
0.544154
0.544162
0.54417
0.544175
0.544179
0.544204
0.544208
0.54421
0.544211
0.544229
0.544234
0.544241
0.544242
0.544252
0.544261
0.544265
0.544269
0.544272
0.544274
0.544292
0.544295
0.544316
0.544336
0.544341
0.544362
0.544369
0.544394
0.544402
0.544406
0.544424
0.544428
0.544438
0.544444
0.544445
0.544447
0.544454
0.544458
0.544472
0.544475
0.544478
0.544484
0.54449
0.544495
0.544495
0.544497
0.544499
0.544503
0.54451
0.544511
0.544519
0.544524
0.544524
0.544527
0.544557
0.544558
0.544571
0.544574
0.544576
0.544578
0.54458
0.544587
0.544594
0.5446
0.544608
0.544616
0.544616
0.544621
0.544627
0.54464
0.54465
0.544655
0.544663
0.544669
0.544675
0.544677
0.544696
0.544697
0.544712
0.544713
0.544723
0.544724
0.544728
0.544732
0.544735
0.54474
0.544745
0.544764
0.544767
0.544776
0.544778
0.544781
0.544788
0.544804
0.544807
0.544809
0.544814
0.544833
0.544838
0.544841
0.544845
0.544848
0.544856
0.544863
0.544865
0.54487
0.544871
0.544882
0.544882
0.544889
0.544892
0.544894
0.544895
0.544895
0.544908
0.544913
0.544918
0.544924
0.544926
0.544929
0.544937
0.544937
0.544941
0.544948
0.544949
0.544953
0.544971
0.544971
0.544972
0.544973
0.54498
0.544981
0.544985
0.544988
0.544997
0.544998
0.545005
0.545005
0.545007
0.545008
0.545024
0.545031
0.545039
0.545041
0.545047
0.545049
0.545051
0.545051
0.545053
0.545057
0.54506
0.545061
0.54507
0.545074
0.545074
0.545077
0.545079
0.545085
0.545086
0.545088
0.545096
0.545102
0.545106
0.545107
0.54511
0.54511
0.545111
0.545122
0.545127
0.545128
0.545129
0.545129
0.545133
0.545136
0.545142
0.545155
0.545155
0.545158
0.54517
0.545174
0.545177
0.545178
0.545202
0.545208
0.545214
0.545218
0.545231
0.545233
0.545233
0.545233
0.545244
0.545252
0.545254
0.545261
0.545271
0.545277
0.545282
0.545289
0.545294
0.5453
0.54531
0.545312
0.545313
0.545316
0.545317
0.545326
0.545327
0.545328
0.545331
0.545337
0.545338
0.545347
0.54535
0.545356
0.545365
0.545382
0.545384
0.545385
0.545393
0.545395
0.545402
0.545404
0.545412
0.545415
0.545416
0.545416
0.545429
0.545435
0.545441
0.545447
0.545451
0.545454
0.545456
0.545457
0.545463
0.545465
0.545467
0.545472
0.54549
0.545494
0.545497
0.545501
0.545503
0.545526
0.545531
0.545536
0.545536
0.545537
0.545538
0.545544
0.545548
0.545558
0.545563
0.545569
0.545569
0.545574
0.5456
0.545603
0.545604
0.545605
0.545606
0.545609
0.545611
0.545625
0.545625
0.545626
0.54563
0.545633
0.545637
0.545642
0.545643
0.545644
0.545648
0.545652
0.545656
0.545661
0.545665
0.545671
0.545674
0.545674
0.545684
0.545693
0.545697
0.545698
0.545713
0.545715
0.545729
0.54573
0.54574
0.545761
0.545765
0.545772
0.545772
0.545789
0.545795
0.545797
0.5458
0.545815
0.545818
0.545823
0.545827
0.545834
0.545841
0.545843
0.545844
0.545854
0.545877
0.545882
0.545896
0.5459
0.545914
0.545918
0.54592
0.545921
0.545922
0.545922
0.545925
0.545929
0.545939
0.545947
0.54595
0.545955
0.545957
0.545957
0.545961
0.545967
0.545969
0.545977
0.545978
0.545983
0.546003
0.546004
0.546014
0.546032
0.546042
0.546049
0.54605
0.546055
0.546059
0.546083
0.546086
0.5461
0.546107
0.54611
0.546112
0.546114
0.546115
0.546119
0.546121
0.546129
0.54613
0.546162
0.546179
0.546181
0.546187
0.54619
0.546191
0.546205
0.546208
0.546232
0.546234
0.546235
0.546238
0.54625
0.546253
0.546274
0.546283
0.546297
0.546302
0.546326
0.546343
0.546346
0.546347
0.546354
0.546371
0.546379
0.546383
0.546384
0.546389
0.546395
0.54644
0.546443
0.546454
0.546457
0.546469
0.546476
0.546523
0.546531
0.546566
0.54657
0.546595
0.546723
0.546739
0.546834
0
