0.719147
0.71996
0.720283
0.720503
0.720544
0.720637
0.720734
0.72076
0.721095
0.721104
0.721182
0.721297
0.721443
0.721597
0.721601
0.721641
0.721766
0.72179
0.721806
0.72182
0.721854
0.721858
0.721865
0.721918
0.721948
0.721969
0.722007
0.722011
0.72212
0.722131
0.722131
0.722238
0.722323
0.722355
0.72238
0.722409
0.722422
0.722438
0.72245
0.722473
0.722538
0.722541
0.722587
0.722603
0.722622
0.72263
0.722638
0.722662
0.722733
0.722736
0.722769
0.722772
0.72279
0.722817
0.722846
0.722895
0.722902
0.722938
0.722981
0.722987
0.722995
0.723013
0.72303
0.723031
0.723054
0.723062
0.72308
0.72319
0.723196
0.723244
0.723268
0.723289
0.723296
0.723319
0.723385
0.723396
0.723411
0.723411
0.723443
0.723466
0.723468
0.723483
0.723498
0.723504
0.723506
0.723571
0.723577
0.723583
0.723678
0.723703
0.723706
0.723711
0.723717
0.723733
0.723753
0.723757
0.723785
0.723787
0.72379
0.72379
0.723808
0.723809
0.723842
0.723863
0.723875
0.72388
0.723897
0.723905
0.723915
0.72394
0.72395
0.723975
0.723996
0.724005
0.724013
0.724034
0.724043
0.724102
0.724122
0.724132
0.724163
0.724194
0.724223
0.724235
0.724238
0.724241
0.724267
0.724279
0.72429
0.724298
0.724339
0.724348
0.72437
0.724375
0.724376
0.724382
0.724405
0.724405
0.724413
0.724414
0.724432
0.72445
0.724478
0.724604
0.724613
0.724618
0.724635
0.724637
0.724638
0.72464
0.724645
0.724676
0.724676
0.72468
0.72468
0.724686
0.724695
0.724701
0.724725
0.724776
0.724822
0.724823
0.724873
0.724904
0.724906
0.724912
0.724915
0.724921
0.724926
0.724928
0.724942
0.724964
0.724971
0.724979
0.724984
0.724993
0.72501
0.725044
0.725065
0.725066
0.7251
0.725101
0.725101
0.72511
0.725132
0.72514
0.725157
0.725173
0.725208
0.725216
0.725249
0.725258
0.725263
0.725269
0.725301
0.725309
0.725327
0.725329
0.725361
0.725365
0.72537
0.725379
0.725402
0.725415
0.725421
0.725441
0.72545
0.725466
0.725492
0.725495
0.725535
0.725536
0.725543
0.725544
0.72555
0.725553
0.725566
0.725583
0.725589
0.725665
0.725669
0.725697
0.725712
0.725753
0.725755
0.725762
0.725763
0.725801
0.725802
0.72581
0.725845
0.72586
0.725898
0.725904
0.72591
0.72593
0.725963
0.725966
0.725986
0.726007
0.72601
0.726018
0.72602
0.726033
0.726051
0.726063
0.726066
0.726082
0.726106
0.726109
0.72613
0.726135
0.726165
0.726168
0.726168
0.726207
0.726208
0.726239
0.72628
0.726288
0.726289
0.726298
0.7263
0.726302
0.726324
0.726329
0.726355
0.72638
0.726391
0.726428
0.726442
0.726446
0.726453
0.72646
0.726469
0.726476
0.726479
0.726507
0.726514
0.726514
0.726565
0.726594
0.726635
0.726636
0.726637
0.726641
0.726689
0.726711
0.726723
0.726728
0.726742
0.726749
0.726797
0.726812
0.726817
0.726819
0.726838
0.726849
0.726874
0.726878
0.726888
0.726912
0.726916
0.726924
0.726938
0.726953
0.726969
0.726969
0.726978
0.726984
0.726995
0.726997
0.72701
0.727028
0.72704
0.727041
0.727067
0.727084
0.727108
0.727122
0.727173
0.727207
0.72721
0.72725
0.727265
0.72728
0.727289
0.727358
0.727363
0.727369
0.727379
0.727386
0.727391
0.727392
0.727398
0.727419
0.727447
0.72746
0.727466
0.727496
0.727499
0.727499
0.727507
0.727513
0.727528
0.727576
0.727582
0.727593
0.727607
0.727632
0.727647
0.72766
0.727679
0.72768
0.727694
0.727722
0.727722
0.727725
0.727736
0.727753
0.727767
0.727818
0.727842
0.72786
0.727883
0.727884
0.727921
0.727957
0.727969
0.727984
0.727993
0.728031
0.728038
0.728046
0.728095
0.728096
0.728099
0.728152
0.728191
0.7282
0.728211
0.728214
0.728224
0.728228
0.728233
0.728273
0.728285
0.728285
0.728404
0.728466
0.728483
0.728499
0.7285
0.728501
0.728601
0.728604
0.728642
0.728656
0.728662
0.728704
0.728734
0.728775
0.728797
0.728806
0.728808
0.728874
0.728883
0.728886
0.72894
0.728966
0.728981
0.72902
0.729066
0.729096
0.72913
0.729155
0.729233
0.729322
0.729406
0.729452
0.729564
0.729629
0.730096
0.730497
0.746619
0.746808
0.747014
0.747397
0.74784
0.748056
0.748308
0.748309
0.748317
0.74838
0.748551
0.748634
0.748665
0.748714
0.748731
0.748932
0.748987
0.749155
0.749493
0.749538
0.74969
0.749861
0.749906
0.750017
0.750017
0.750069
0.750154
0.750197
0.750211
0.750291
0.750416
0.750641
0.750653
0.750661
0.75068
0.750782
0.750915
0.750979
0.751049
0.751202
0.751287
0.751305
0.751317
0.751338
0.751424
0.751424
0.751443
0.751477
0.751481
0.751504
0.751576
0.751648
0.751668
0.751669
0.751693
0.751723
0.751733
0.751759
0.751784
0.751811
0.751881
0.751915
0.751963
0.752021
0.752111
0.752124
0.75214
0.752158
0.752166
0.752219
0.752263
0.752281
0.752287
0.752326
0.752353
0.752361
0.752372
0.752382
0.752458
0.75247
0.752482
0.752598
0.752667
0.752687
0.752759
0.752778
0.752783
0.752821
0.752822
0.752842
0.752872
0.752888
0.752923
0.752929
0.752951
0.752963
0.752984
0.753016
0.753048
0.75308
0.753126
0.75313
0.753151
0.753193
0.753222
0.753286
0.753353
0.753421
0.753479
0.753531
0.753547
0.753566
0.753572
0.753615
0.753624
0.75365
0.753653
0.753702
0.753704
0.753731
0.753733
0.753734
0.753824
0.753853
0.753894
0.753894
0.753907
0.753989
0.753994
0.754003
0.75405
0.754071
0.75409
0.754132
0.754134
0.754197
0.754203
0.754213
0.754221
0.754252
0.754275
0.754364
0.754394
0.754432
0.754475
0.754498
0.754593
0.7546
0.754611
0.754679
0.754682
0.754706
0.754717
0.754822
0.754875
0.755008
0.75501
0.755031
0.755057
0.755089
0.755122
0.755124
0.755139
0.755142
0.75519
0.75526
0.755267
0.755292
0.7553
0.7553
0.755319
0.755412
0.755455
0.755477
0.75552
0.755574
0.755656
0.755757
0.755803
0.755859
0.755859
0.756134
0.756205
0.756224
0.756236
0.756332
0.756452
0.756473
0.756557
0.75656
0.756624
0.756711
0.756715
0.75685
0.756857
0.756885
0.757009
0.75718
0.757211
0.757266
0.757282
0.757326
0.75737
0.757376
0.75741
0.757521
0.75758
0.757602
0.757627
0.757717
0.757723
0.757723
0.757739
0.757866
0.757874
0.757891
0.757929
0.757943
0.757947
0.757998
0.758007
0.758029
0.75804
0.758055
0.758086
0.758086
0.758167
0.758213
0.758228
0.75824
0.758252
0.758267
0.758309
0.758313
0.758322
0.758322
0.758373
0.758385
0.758415
0.758449
0.758493
0.758562
0.758602
0.758645
0.758646
0.758652
0.758652
0.75866
0.758678
0.758693
0.758732
0.758767
0.758778
0.758805
0.758805
0.75883
0.758849
0.75888
0.758895
0.758913
0.758921
0.758947
0.758991
0.759036
0.759053
0.759062
0.759069
0.75907
0.759112
0.759115
0.759118
0.759141
0.759144
0.759147
0.759147
0.75916
0.759202
0.759205
0.759205
0.759206
0.759211
0.759261
0.759263
0.759296
0.759316
0.75933
0.759335
0.759335
0.759354
0.759371
0.759375
0.759389
0.759422
0.759433
0.759487
0.759512
0.759513
0.759516
0.759518
0.759535
0.75955
0.759564
0.75958
0.759586
0.75961
0.759637
0.759644
0.759656
0.759687
0.759713
0.759727
0.759743
0.759761
0.759764
0.759775
0.759795
0.759799
0.759809
0.75983
0.759832
0.759835
0.759844
0.759849
0.759853
0.759858
0.759879
0.759886
0.759914
0.759916
0.759926
0.759933
0.759938
0.759949
0.759952
0.75996
0.759976
0.759992
0.759994
0.759995
0.760009
0.760037
0.760071
0.760079
0.760084
0.760118
0.760119
0.76012
0.760131
0.760134
0.760189
0.760191
0.760202
0.760212
0.760222
0.760226
0.760278
0.760316
0.760334
0.760344
0.760346
0.760347
0.760363
0.760393
0.760404
0.760418
0.760421
0.760425
0.760478
0.760492
0.760495
0.760523
0.760563
0.760605
0.760606
0.760631
0.760678
0.760686
0.760696
0.760729
0.760752
0.760756
0.760774
0.760789
0.760797
0.760799
0.760817
0.760824
0.760829
0.760846
0.760861
0.760864
0.760869
0.760876
0.760877
0.760882
0.760895
0.760904
0.760935
0.760944
0.76096
0.760969
0.761001
0.761007
0.761022
0.761031
0.761036
0.761054
0.76106
0.761066
0.761071
0.761083
0.761084
0.761103
0.761118
0.761135
0.761147
0.761153
0.761182
0.761211
0.761231
0.761235
0.761239
0.76124
0.761264
0.761277
0.76128
0.761282
0.761298
0.761304
0.761307
0.761341
0.761347
0.761355
0.761386
0.761414
0.761421
0.761446
0.761468
0.761472
0.761494
0.761494
0.7615
0.761516
0.761536
0.761541
0.76156
0.761579
0.761582
0.761605
0.761635
0.761648
0.761677
0.761681
0.761699
0.761701
0.761703
0.761711
0.76172
0.761729
0.761757
0.761763
0.761768
0.76179
0.761805
0.761826
0.761855
0.761861
0.761902
0.761908
0.761912
0.761914
0.761934
0.761948
0.761954
0.761964
0.762013
0.762021
0.762052
0.762124
0.762142
0.762147
0.762165
0.762172
0.762173
0.762225
0.762233
0.762236
0.762259
0.762262
0.762271
0.762276
0.762354
0.762377
0.762402
0.762406
0.762408
0.762419
0.762459
0.762501
0.762556
0.762558
0.762558
0.762573
0.762605
0.76262
0.762715
0.762721
0.762721
0.762751
0.762752
0.762782
0.762831
0.762844
0.762908
0.762923
0.762959
0.762966
0.762993
0.763022
0.763029
0.763049
0.763065
0.76307
0.763172
0.763177
0.763196
0.763198
0.7632
0.763201
0.76321
0.76321
0.763234
0.763244
0.763255
0.763255
0.763264
0.763299
0.763304
0.763447
0.763452
0.763471
0.763492
0.763501
0.763504
0.763559
0.763604
0.763621
0.763636
0.76364
0.763723
0.763739
0.763762
0.763763
0.763782
0.763787
0.763788
0.763808
0.763864
0.763887
0.763899
0.763997
0.764063
0.764094
0.764103
0.764186
0.764247
0.764262
0.764347
0.764447
0.764457
0.764495
0.764496
0.764502
0.764559
0.764683
0.7649
0.718742
0.719558
0.719882
0.720101
0.720139
0.720235
0.720329
0.720358
0.720693
0.720702
0.720777
0.720896
0.721038
0.721192
0.7212
0.721239
0.72136
0.721385
0.721401
0.721419
0.721449
0.721453
0.721463
0.721517
0.721542
0.721564
0.721601
0.721606
0.721715
0.721725
0.721725
0.721837
0.721921
0.721954
0.721979
0.722004
0.722021
0.722036
0.722048
0.722071
0.722133
0.722136
0.722181
0.722198
0.722217
0.722225
0.722233
0.72226
0.722332
0.722335
0.722366
0.722367
0.722384
0.722415
0.722445
0.722489
0.722497
0.722533
0.722576
0.722581
0.722589
0.722611
0.722628
0.72263
0.722649
0.722657
0.722679
0.722784
0.72279
0.722838
0.722866
0.722883
0.722891
0.722914
0.722979
0.722991
0.723005
0.72301
0.723041
0.72306
0.723067
0.723081
0.723092
0.723099
0.7231
0.723169
0.723176
0.723177
0.723273
0.723298
0.723301
0.723305
0.723311
0.723331
0.723347
0.723352
0.723379
0.723385
0.723388
0.723389
0.723403
0.723403
0.72344
0.723461
0.723474
0.723478
0.723491
0.723504
0.72351
0.723539
0.723544
0.723569
0.72359
0.723599
0.723607
0.723628
0.723637
0.723696
0.723717
0.723731
0.723762
0.723792
0.723822
0.723829
0.723832
0.723835
0.723865
0.723878
0.723885
0.723893
0.723933
0.723942
0.723964
0.723969
0.72397
0.723981
0.723999
0.724
0.724006
0.724008
0.72403
0.724048
0.724073
0.724202
0.724207
0.724213
0.724233
0.724234
0.724236
0.724236
0.724244
0.724271
0.724271
0.724273
0.724278
0.724281
0.72429
0.724299
0.724318
0.724374
0.724416
0.724417
0.724467
0.7245
0.724502
0.724506
0.724509
0.724515
0.724521
0.724527
0.724541
0.724563
0.72457
0.724574
0.724582
0.724587
0.724604
0.724643
0.724659
0.724665
0.724695
0.724695
0.724696
0.724704
0.724731
0.724733
0.724755
0.724767
0.724803
0.72481
0.724848
0.724853
0.724858
0.724863
0.7249
0.724903
0.724921
0.724923
0.724959
0.72496
0.724963
0.724973
0.725
0.725013
0.725019
0.725036
0.725049
0.72506
0.725091
0.725094
0.72513
0.725133
0.725138
0.725142
0.725149
0.725152
0.72516
0.725177
0.725183
0.725263
0.725264
0.72529
0.72531
0.72535
0.725351
0.725357
0.72536
0.725396
0.725399
0.725404
0.72544
0.725459
0.725492
0.725503
0.725505
0.725524
0.725557
0.72556
0.72558
0.725601
0.725609
0.725612
0.725618
0.725628
0.725645
0.725662
0.725665
0.72568
0.725704
0.725708
0.725729
0.72573
0.725763
0.725766
0.725766
0.725801
0.725803
0.725838
0.725874
0.725883
0.725887
0.725894
0.725896
0.725901
0.725923
0.725928
0.725953
0.725979
0.725985
0.726022
0.726036
0.726045
0.726052
0.726059
0.726063
0.726075
0.726078
0.726101
0.726108
0.726113
0.726159
0.726192
0.726231
0.726234
0.726235
0.726239
0.726287
0.726305
0.726322
0.726326
0.726337
0.726347
0.726391
0.726407
0.726411
0.726414
0.726433
0.726447
0.726472
0.726473
0.726482
0.72651
0.726514
0.726523
0.726533
0.726552
0.726564
0.726573
0.726578
0.726589
0.726595
0.726609
0.726622
0.726639
0.72664
0.726666
0.726678
0.726703
0.72672
0.726771
0.726806
0.726809
0.726844
0.726859
0.726874
0.726887
0.726952
0.726957
0.726968
0.726977
0.726981
0.726986
0.726986
0.726993
0.727013
0.727042
0.727054
0.727064
0.727093
0.727095
0.727098
0.727106
0.727107
0.727123
0.727175
0.727176
0.727191
0.727206
0.727227
0.727245
0.727259
0.727273
0.727279
0.727293
0.727316
0.727317
0.72732
0.72733
0.727351
0.727365
0.727412
0.727441
0.727459
0.727478
0.727482
0.72752
0.727551
0.727568
0.727578
0.727587
0.72763
0.727636
0.727645
0.727694
0.727695
0.727698
0.727746
0.727785
0.727799
0.72781
0.727814
0.727823
0.727827
0.727832
0.727868
0.727879
0.727879
0.728002
0.728065
0.728083
0.728098
0.728099
0.728099
0.728199
0.728203
0.728236
0.72825
0.728261
0.728298
0.728328
0.728369
0.728396
0.7284
0.728407
0.728473
0.728482
0.728485
0.728539
0.728561
0.72858
0.728614
0.728665
0.728694
0.728729
0.728754
0.728832
0.728917
0.729005
0.729051
0.729163
0.729228
0.729695
0.730097
0.746311
0.7465
0.746707
0.747089
0.747532
0.747748
0.748
0.748002
0.748009
0.748073
0.748244
0.748327
0.748358
0.748407
0.748424
0.748625
0.74868
0.748847
0.749186
0.749231
0.749383
0.749553
0.749599
0.749709
0.74971
0.749762
0.749847
0.749889
0.749904
0.749984
0.750109
0.750334
0.750346
0.750353
0.750373
0.750475
0.750608
0.750672
0.750741
0.750895
0.75098
0.750998
0.75101
0.751031
0.751117
0.751117
0.751136
0.751171
0.751174
0.751197
0.751269
0.751341
0.751361
0.751363
0.751387
0.751416
0.751426
0.751452
0.751478
0.751505
0.751574
0.751608
0.751656
0.751714
0.751804
0.751817
0.751833
0.751852
0.751859
0.751912
0.751956
0.751974
0.75198
0.75202
0.752046
0.752054
0.752066
0.752075
0.752151
0.752163
0.752175
0.752291
0.752361
0.752381
0.752452
0.752472
0.752476
0.752514
0.752515
0.752536
0.752566
0.752581
0.752616
0.752622
0.752644
0.752656
0.752678
0.75271
0.752741
0.752774
0.752819
0.752824
0.752845
0.752886
0.752915
0.752979
0.753047
0.753115
0.753172
0.753225
0.75324
0.75326
0.753265
0.753309
0.753318
0.753343
0.753347
0.753395
0.753397
0.753424
0.753426
0.753427
0.753518
0.753547
0.753588
0.753588
0.7536
0.753683
0.753688
0.753696
0.753744
0.753765
0.753784
0.753826
0.753828
0.753891
0.753896
0.753907
0.753915
0.753946
0.753968
0.754058
0.754088
0.754126
0.754169
0.754192
0.754287
0.754294
0.754305
0.754373
0.754376
0.7544
0.754411
0.754516
0.754569
0.754702
0.754704
0.754725
0.754751
0.754783
0.754816
0.754818
0.754834
0.754836
0.754884
0.754955
0.754986
0.75499
0.754994
0.754994
0.755013
0.755107
0.755149
0.755171
0.755215
0.755268
0.755351
0.755452
0.755497
0.755553
0.755554
0.755828
0.755899
0.755931
0.755947
0.756027
0.756174
0.756195
0.756255
0.756279
0.756347
0.756431
0.756433
0.756545
0.75658
0.756607
0.756731
0.756902
0.756927
0.756982
0.757004
0.757048
0.757092
0.757092
0.757133
0.757243
0.757302
0.757324
0.757349
0.75744
0.757445
0.757445
0.757461
0.757582
0.757596
0.757613
0.757651
0.757663
0.757665
0.75772
0.757729
0.757745
0.757755
0.757777
0.757808
0.757808
0.757889
0.757934
0.75795
0.757962
0.757974
0.757988
0.758031
0.758035
0.758037
0.758037
0.758095
0.758107
0.758136
0.758164
0.758215
0.758284
0.758317
0.758367
0.758367
0.758367
0.758375
0.758376
0.7584
0.758408
0.758447
0.758489
0.758493
0.758527
0.758527
0.758552
0.758571
0.758602
0.758617
0.758628
0.758635
0.758662
0.758712
0.758757
0.758775
0.758777
0.758784
0.758791
0.758827
0.758837
0.75884
0.758863
0.758863
0.758866
0.758869
0.758875
0.758917
0.75892
0.758926
0.758927
0.758933
0.758983
0.758985
0.759017
0.759038
0.759045
0.75905
0.759057
0.759069
0.759093
0.759097
0.759111
0.759136
0.759155
0.759208
0.759228
0.759231
0.759234
0.759239
0.759257
0.759271
0.759286
0.759302
0.759302
0.759332
0.759359
0.759359
0.759378
0.759401
0.759435
0.759449
0.759458
0.759482
0.759485
0.75949
0.75951
0.759521
0.759531
0.759545
0.75955
0.759553
0.759559
0.759568
0.75957
0.759574
0.759601
0.759607
0.759629
0.759631
0.759641
0.759648
0.75966
0.759671
0.759674
0.759681
0.759698
0.759708
0.759716
0.759717
0.759724
0.759752
0.759793
0.759794
0.759798
0.759833
0.759834
0.759841
0.759846
0.759855
0.759911
0.759913
0.759917
0.759933
0.759936
0.759947
0.76
0.760038
0.760056
0.760059
0.760061
0.760068
0.760084
0.760107
0.760119
0.760133
0.760143
0.760147
0.7602
0.760206
0.76021
0.760237
0.760285
0.76032
0.760328
0.760353
0.7604
0.760407
0.760417
0.76045
0.760473
0.760478
0.760496
0.76051
0.760512
0.760514
0.760532
0.760544
0.760545
0.760567
0.760576
0.760579
0.760584
0.760591
0.760597
0.760599
0.760616
0.760625
0.76065
0.760665
0.760681
0.760684
0.760722
0.760728
0.760738
0.760745
0.760751
0.760775
0.760782
0.760787
0.760793
0.760798
0.760799
0.760825
0.760839
0.760857
0.760862
0.760869
0.760903
0.760925
0.760945
0.760957
0.760961
0.760962
0.760979
0.760997
0.760999
0.761001
0.761012
0.76102
0.761023
0.761062
0.761069
0.76107
0.761102
0.761129
0.761142
0.761167
0.761187
0.761189
0.761209
0.761209
0.761214
0.761237
0.761251
0.761255
0.761282
0.7613
0.761303
0.761321
0.76135
0.761363
0.761396
0.761399
0.761414
0.761416
0.761418
0.761425
0.761435
0.761445
0.761478
0.761478
0.76149
0.761505
0.761527
0.761528
0.761548
0.76157
0.761576
0.761616
0.761623
0.761627
0.761629
0.761655
0.761663
0.761668
0.761686
0.761735
0.761743
0.761768
0.761839
0.761862
0.761864
0.761886
0.761887
0.761888
0.76194
0.761947
0.761951
0.761977
0.761981
0.761986
0.761991
0.762075
0.762092
0.762117
0.76212
0.762123
0.762134
0.762174
0.762216
0.762271
0.762273
0.762273
0.762288
0.76232
0.762335
0.762436
0.762437
0.762443
0.762466
0.762467
0.762496
0.762546
0.762559
0.762623
0.762638
0.762674
0.762681
0.762708
0.762737
0.762744
0.762764
0.76278
0.762785
0.762887
0.762892
0.762911
0.762913
0.762915
0.762916
0.762925
0.762926
0.762949
0.762959
0.76297
0.76297
0.76298
0.763014
0.763019
0.763162
0.763168
0.763187
0.763207
0.763216
0.763219
0.763275
0.76332
0.763336
0.763352
0.763356
0.763438
0.763454
0.763477
0.763478
0.763498
0.763501
0.763503
0.763523
0.763579
0.763602
0.763614
0.763712
0.763778
0.763809
0.763818
0.763901
0.763963
0.763977
0.764062
0.764162
0.764173
0.76421
0.764211
0.764217
0.764274
0.764398
0.764616
0.718337
0.719156
0.719479
0.719699
0.719734
0.719833
0.719923
0.719955
0.720291
0.720299
0.720371
0.720494
0.720632
0.720786
0.720798
0.720837
0.720954
0.720979
0.720996
0.721016
0.721043
0.721046
0.721061
0.721115
0.721136
0.721158
0.721195
0.721199
0.721308
0.721319
0.721319
0.721435
0.721518
0.721551
0.721577
0.721598
0.721618
0.721633
0.721645
0.721669
0.721727
0.721729
0.721774
0.721792
0.72181
0.721819
0.721826
0.721858
0.721929
0.721932
0.721959
0.721964
0.721977
0.722012
0.722042
0.722082
0.72209
0.722126
0.722169
0.722174
0.722183
0.722209
0.722225
0.722228
0.722242
0.722251
0.722277
0.722378
0.722383
0.722432
0.722464
0.722476
0.722485
0.722508
0.722573
0.722585
0.722599
0.722608
0.722639
0.722653
0.722665
0.722678
0.722686
0.722692
0.722693
0.722767
0.722771
0.722773
0.722867
0.722892
0.722895
0.722899
0.722904
0.722929
0.72294
0.722946
0.722973
0.722983
0.722986
0.722986
0.722996
0.722996
0.723038
0.723058
0.723071
0.723075
0.723085
0.723101
0.723104
0.723136
0.723137
0.723163
0.723183
0.723192
0.7232
0.723222
0.723231
0.723289
0.72331
0.723328
0.72336
0.723389
0.72342
0.723423
0.723426
0.723429
0.723462
0.723476
0.723479
0.723486
0.723527
0.723536
0.723557
0.723562
0.723564
0.723578
0.723593
0.723594
0.723599
0.723602
0.723628
0.723645
0.723666
0.7238
0.723801
0.723806
0.723827
0.723831
0.723834
0.723834
0.723841
0.723864
0.723864
0.723866
0.723874
0.723875
0.723883
0.723896
0.723911
0.723972
0.72401
0.72401
0.72406
0.724093
0.724099
0.7241
0.724103
0.724108
0.724115
0.724125
0.724138
0.724161
0.724167
0.724168
0.72418
0.724181
0.724197
0.724241
0.724252
0.724263
0.724288
0.724288
0.724289
0.724297
0.724326
0.724329
0.724353
0.72436
0.724397
0.724402
0.724445
0.724446
0.724451
0.724457
0.724496
0.724498
0.724515
0.724516
0.724553
0.724555
0.724558
0.724566
0.724598
0.72461
0.724616
0.72463
0.724647
0.724653
0.724688
0.724692
0.724724
0.724731
0.724732
0.72474
0.724746
0.724749
0.724753
0.724771
0.724776
0.724856
0.724862
0.724883
0.724908
0.724944
0.724949
0.72495
0.724958
0.72499
0.724997
0.724997
0.725034
0.725056
0.725085
0.725098
0.725101
0.725118
0.72515
0.725153
0.725173
0.725195
0.725205
0.725207
0.725216
0.725222
0.725238
0.72526
0.725263
0.725277
0.725302
0.725305
0.725323
0.725327
0.725361
0.725363
0.725364
0.725394
0.725396
0.725435
0.725467
0.725476
0.725484
0.725487
0.725493
0.725499
0.72552
0.725526
0.725551
0.725577
0.725579
0.725615
0.725629
0.725643
0.72565
0.725655
0.725657
0.725672
0.725676
0.725694
0.725701
0.725711
0.725753
0.72579
0.725824
0.725832
0.725833
0.725837
0.725885
0.725898
0.725919
0.725923
0.725931
0.725944
0.725984
0.726
0.726004
0.726007
0.726026
0.726045
0.726066
0.72607
0.726076
0.726108
0.726111
0.72612
0.726127
0.726149
0.726157
0.726166
0.726171
0.726182
0.726193
0.726207
0.726215
0.726236
0.726237
0.726264
0.726271
0.726296
0.726318
0.726369
0.726404
0.726406
0.726437
0.726452
0.726467
0.726485
0.726545
0.726551
0.726566
0.726574
0.726575
0.726579
0.72658
0.726586
0.726606
0.726635
0.726647
0.726662
0.726687
0.726693
0.726696
0.7267
0.726704
0.726716
0.72677
0.726773
0.726789
0.726803
0.72682
0.726843
0.726856
0.726865
0.726877
0.726892
0.726909
0.726911
0.726913
0.726923
0.726949
0.726962
0.727004
0.727039
0.727056
0.727071
0.72708
0.727118
0.727145
0.727166
0.727171
0.727181
0.727228
0.727234
0.727243
0.727292
0.727293
0.727296
0.72734
0.727379
0.727397
0.727408
0.727412
0.727421
0.727425
0.727429
0.727461
0.727472
0.727472
0.7276
0.727664
0.727681
0.727695
0.727697
0.727697
0.727797
0.7278
0.727829
0.727844
0.727859
0.727891
0.727922
0.727962
0.727994
0.727994
0.728005
0.72807
0.72808
0.728083
0.728137
0.728154
0.728178
0.728206
0.728262
0.728292
0.728328
0.728352
0.72843
0.72851
0.728603
0.728649
0.728761
0.728826
0.729293
0.729695
0.746003
0.746192
0.746399
0.746781
0.747224
0.74744
0.747692
0.747693
0.747701
0.747765
0.747936
0.748019
0.74805
0.748099
0.748116
0.748317
0.748372
0.748539
0.748878
0.748923
0.749075
0.749245
0.749291
0.749401
0.749402
0.749454
0.749539
0.749581
0.749596
0.749676
0.749802
0.750026
0.750038
0.750046
0.750065
0.750168
0.7503
0.750364
0.750433
0.750588
0.750673
0.75069
0.750702
0.750724
0.750809
0.750809
0.750829
0.750863
0.750866
0.75089
0.750962
0.751034
0.751053
0.751055
0.751079
0.751108
0.751118
0.751145
0.75117
0.751197
0.751266
0.751301
0.751349
0.751407
0.751497
0.751509
0.751526
0.751544
0.751551
0.751605
0.751649
0.751667
0.751673
0.751713
0.751738
0.751746
0.751759
0.751768
0.751843
0.751856
0.751867
0.751984
0.752053
0.752074
0.752145
0.752165
0.752169
0.752207
0.752208
0.752228
0.752259
0.752273
0.752309
0.752314
0.752337
0.752349
0.752371
0.752402
0.752434
0.752467
0.752512
0.752517
0.752538
0.752579
0.752607
0.752672
0.75274
0.752808
0.752865
0.752918
0.752933
0.752953
0.752958
0.753002
0.753012
0.753036
0.753039
0.753088
0.75309
0.753117
0.753119
0.75312
0.753211
0.75324
0.753281
0.753281
0.753293
0.753376
0.753381
0.753389
0.753437
0.753458
0.753477
0.753519
0.753521
0.753584
0.753589
0.753601
0.753608
0.753639
0.753661
0.753751
0.753781
0.753819
0.753862
0.753885
0.75398
0.753988
0.753998
0.754067
0.754069
0.754093
0.754104
0.754209
0.754263
0.754395
0.754398
0.754418
0.754445
0.754477
0.754509
0.754512
0.754527
0.754529
0.754577
0.754648
0.75468
0.754687
0.754688
0.754707
0.754712
0.754801
0.754843
0.754865
0.754909
0.754962
0.755045
0.755145
0.755191
0.755247
0.755248
0.755522
0.755594
0.755625
0.755668
0.755721
0.755896
0.755917
0.755949
0.756001
0.756068
0.756146
0.756155
0.756239
0.756302
0.756329
0.756453
0.756624
0.756642
0.756696
0.756726
0.75677
0.756806
0.756813
0.756854
0.756964
0.757023
0.757046
0.75707
0.757161
0.757166
0.757167
0.757183
0.757297
0.757318
0.757334
0.757373
0.757378
0.757387
0.757441
0.75745
0.757459
0.75747
0.757498
0.757529
0.75753
0.75761
0.757656
0.757671
0.757684
0.757695
0.75771
0.757752
0.757752
0.757752
0.757756
0.757817
0.757829
0.757857
0.757879
0.757936
0.758006
0.758031
0.758082
0.758088
0.758089
0.758091
0.758096
0.758121
0.758122
0.758162
0.758207
0.758211
0.758248
0.758248
0.758273
0.758292
0.758323
0.758339
0.758343
0.75835
0.758376
0.758434
0.758478
0.758492
0.758496
0.758499
0.758513
0.758542
0.758558
0.758561
0.758578
0.758585
0.758587
0.758589
0.758591
0.758631
0.758635
0.758647
0.758649
0.758655
0.758705
0.758707
0.758739
0.758759
0.75876
0.758765
0.758778
0.758783
0.758814
0.758818
0.758832
0.758851
0.758876
0.758929
0.758942
0.758945
0.758955
0.758961
0.758979
0.758992
0.759007
0.759016
0.759023
0.759053
0.759074
0.75908
0.759099
0.759115
0.759156
0.75917
0.759172
0.759203
0.759204
0.759207
0.759225
0.759242
0.759252
0.759259
0.759265
0.759273
0.759274
0.759282
0.759288
0.759292
0.759323
0.759328
0.759343
0.759345
0.759356
0.759362
0.759381
0.759392
0.759395
0.759402
0.759419
0.759422
0.759437
0.759438
0.759439
0.759466
0.759509
0.759513
0.759514
0.759548
0.759548
0.75956
0.759562
0.759577
0.759631
0.759632
0.759634
0.75965
0.759654
0.759669
0.759721
0.759759
0.759773
0.759776
0.759777
0.75979
0.759806
0.759822
0.759833
0.759848
0.759864
0.759869
0.759921
0.759921
0.759925
0.759951
0.760006
0.760034
0.760049
0.760074
0.760122
0.760128
0.760138
0.760171
0.760194
0.7602
0.760217
0.760226
0.760228
0.760231
0.760247
0.760258
0.760266
0.760288
0.76029
0.760293
0.760298
0.760305
0.760311
0.760319
0.760337
0.760346
0.760364
0.760386
0.760398
0.760402
0.760443
0.760449
0.760452
0.76046
0.760466
0.760496
0.760503
0.760508
0.760513
0.760513
0.760514
0.760545
0.76056
0.760576
0.760579
0.760583
0.760624
0.760639
0.760659
0.760678
0.760682
0.760683
0.760693
0.760711
0.76072
0.760722
0.760726
0.760734
0.760737
0.760783
0.760784
0.76079
0.760816
0.760844
0.760864
0.760888
0.760901
0.76091
0.760923
0.760924
0.760929
0.760958
0.760965
0.760969
0.761003
0.761021
0.761024
0.761035
0.761064
0.761078
0.76111
0.76112
0.761128
0.76113
0.761132
0.76114
0.76115
0.761159
0.761193
0.761199
0.76121
0.761219
0.761243
0.761248
0.761268
0.761284
0.76129
0.761331
0.761337
0.761341
0.761343
0.761376
0.761377
0.761383
0.761407
0.761455
0.761464
0.761482
0.761554
0.761576
0.761585
0.761601
0.761603
0.761607
0.761654
0.761662
0.761666
0.761691
0.761701
0.761702
0.761706
0.761796
0.761806
0.761831
0.761835
0.761837
0.761848
0.761889
0.76193
0.761985
0.761987
0.761988
0.762002
0.762034
0.762049
0.76215
0.762158
0.762163
0.762181
0.762181
0.762211
0.76226
0.762274
0.762338
0.762352
0.762388
0.762395
0.762423
0.762452
0.762458
0.762479
0.762495
0.7625
0.762602
0.762607
0.762625
0.762627
0.762629
0.762631
0.76264
0.76264
0.762663
0.762674
0.762684
0.762685
0.762695
0.762728
0.762734
0.762877
0.762882
0.762901
0.762922
0.762931
0.762934
0.76299
0.763034
0.76305
0.763066
0.76307
0.763153
0.763169
0.763191
0.763193
0.763212
0.763215
0.763217
0.763238
0.763294
0.763317
0.763329
0.763427
0.763492
0.763524
0.763532
0.763616
0.763677
0.763691
0.763777
0.763877
0.763888
0.763924
0.763925
0.763932
0.763989
0.764113
0.76433
0.717931
0.718752
0.719076
0.719295
0.719327
0.71943
0.719517
0.719552
0.719888
0.719896
0.719964
0.720091
0.720225
0.720379
0.720395
0.720433
0.720547
0.720572
0.720589
0.720613
0.720636
0.720639
0.720657
0.720712
0.720729
0.72075
0.720788
0.720792
0.720901
0.720912
0.720912
0.721031
0.721115
0.721147
0.721174
0.72119
0.721215
0.72123
0.721242
0.721266
0.72132
0.721322
0.721367
0.721385
0.721403
0.721412
0.721419
0.721455
0.721526
0.721529
0.721552
0.721561
0.72157
0.721609
0.721639
0.721674
0.721682
0.721719
0.721762
0.721766
0.721775
0.721805
0.721822
0.721825
0.721835
0.721844
0.721874
0.721971
0.721975
0.722025
0.722061
0.722068
0.722078
0.7221
0.722166
0.722178
0.722192
0.722205
0.722236
0.722245
0.722262
0.722274
0.722278
0.722285
0.722285
0.722363
0.722364
0.722369
0.722459
0.722484
0.722487
0.722492
0.722497
0.722525
0.722533
0.722539
0.722566
0.72258
0.722582
0.722583
0.722588
0.722589
0.722634
0.722655
0.722668
0.722671
0.722677
0.722697
0.722698
0.72273
0.722733
0.722756
0.722775
0.722785
0.722792
0.722814
0.722824
0.722881
0.722902
0.722925
0.722957
0.722986
0.723016
0.723017
0.723018
0.723021
0.723058
0.723072
0.723072
0.723079
0.72312
0.723128
0.72315
0.723154
0.723156
0.723175
0.723185
0.723187
0.723191
0.723194
0.723224
0.723241
0.723259
0.723394
0.723396
0.723399
0.723419
0.723427
0.723431
0.723431
0.723438
0.723457
0.723457
0.723458
0.723467
0.723472
0.723475
0.723493
0.723503
0.723569
0.723602
0.723603
0.723653
0.723686
0.723692
0.723695
0.723697
0.7237
0.723707
0.723722
0.723735
0.723758
0.723761
0.723764
0.723773
0.723776
0.72379
0.723838
0.723844
0.723859
0.72388
0.723881
0.723882
0.723889
0.723918
0.723926
0.72395
0.723952
0.723989
0.723994
0.724039
0.724041
0.724044
0.724049
0.724088
0.724095
0.724107
0.724109
0.724145
0.724147
0.724155
0.724157
0.724195
0.724207
0.724212
0.724223
0.724244
0.724245
0.724284
0.724288
0.724317
0.724325
0.724328
0.724337
0.724343
0.724345
0.724346
0.724363
0.724367
0.724448
0.724459
0.724475
0.724504
0.724536
0.724543
0.724546
0.724554
0.724583
0.724589
0.724593
0.724626
0.724652
0.724677
0.72469
0.724698
0.72471
0.724742
0.724745
0.724766
0.724788
0.724797
0.724804
0.724812
0.724815
0.72483
0.724857
0.72486
0.724874
0.724898
0.724902
0.724915
0.724924
0.724957
0.72496
0.72496
0.724986
0.724989
0.725032
0.725059
0.725068
0.725079
0.725081
0.72509
0.725096
0.725117
0.725123
0.725148
0.725172
0.725174
0.725207
0.725221
0.72524
0.725247
0.725247
0.725254
0.725269
0.725273
0.725286
0.725293
0.725308
0.725346
0.725387
0.725416
0.725429
0.72543
0.725433
0.725481
0.72549
0.725516
0.72552
0.725523
0.725541
0.725577
0.725592
0.725596
0.7256
0.725619
0.725642
0.725659
0.725667
0.725669
0.725704
0.725708
0.725716
0.725719
0.725746
0.72575
0.725758
0.725764
0.725774
0.725789
0.725804
0.725807
0.725833
0.725833
0.725861
0.725864
0.725888
0.725915
0.725966
0.726001
0.726004
0.726029
0.726044
0.72606
0.726081
0.726137
0.726143
0.726163
0.726167
0.726172
0.726172
0.726172
0.726179
0.726198
0.726228
0.726239
0.726259
0.726279
0.72629
0.726292
0.726293
0.726301
0.726308
0.726363
0.72637
0.726385
0.7264
0.726413
0.72644
0.726453
0.726457
0.726473
0.726489
0.726501
0.726503
0.726506
0.726515
0.726546
0.726559
0.726596
0.726636
0.726653
0.726664
0.726676
0.726714
0.726737
0.726763
0.726763
0.726773
0.726825
0.726831
0.72684
0.726889
0.72689
0.726892
0.726933
0.726971
0.726995
0.727005
0.727009
0.727019
0.727022
0.727026
0.727054
0.727064
0.727065
0.727197
0.727261
0.727279
0.727292
0.727294
0.727295
0.727394
0.727397
0.727422
0.727436
0.727456
0.727483
0.727515
0.727554
0.727587
0.727592
0.727603
0.727667
0.727676
0.727681
0.727734
0.727747
0.727775
0.727798
0.727859
0.727889
0.727925
0.72795
0.728027
0.728103
0.7282
0.728246
0.728358
0.728423
0.72889
0.729293
0.745695
0.745883
0.74609
0.746472
0.746915
0.747131
0.747383
0.747385
0.747392
0.747456
0.747627
0.74771
0.747742
0.747791
0.747807
0.748008
0.748063
0.74823
0.748569
0.748615
0.748766
0.748937
0.748982
0.749092
0.749094
0.749146
0.749231
0.749272
0.749287
0.749368
0.749493
0.749718
0.74973
0.749737
0.749757
0.749859
0.749991
0.750056
0.750125
0.75028
0.750365
0.750382
0.750394
0.750416
0.7505
0.750501
0.750521
0.750555
0.750558
0.750581
0.750654
0.750725
0.750745
0.750747
0.750771
0.750801
0.750809
0.750837
0.750862
0.750889
0.750958
0.750992
0.751041
0.751099
0.751189
0.751201
0.751217
0.751236
0.751243
0.751297
0.751341
0.751359
0.751365
0.751405
0.75143
0.751438
0.751451
0.751461
0.751535
0.751547
0.751559
0.751676
0.751745
0.751766
0.751837
0.751857
0.751861
0.751899
0.751901
0.75192
0.751951
0.751966
0.752001
0.752006
0.752029
0.752041
0.752063
0.752095
0.752126
0.752159
0.752204
0.75221
0.752231
0.752271
0.752299
0.752365
0.752432
0.7525
0.752557
0.75261
0.752626
0.752646
0.752651
0.752694
0.752704
0.752729
0.752732
0.752781
0.752783
0.752809
0.752812
0.752813
0.752903
0.752932
0.752974
0.752974
0.752986
0.753068
0.753073
0.753082
0.753129
0.75315
0.75317
0.753212
0.753213
0.753277
0.753282
0.753293
0.753301
0.753331
0.753353
0.753444
0.753474
0.753511
0.753555
0.753578
0.753672
0.753681
0.753691
0.753759
0.753762
0.753786
0.753797
0.753902
0.753955
0.754088
0.754091
0.754111
0.754138
0.75417
0.754202
0.754205
0.754221
0.754222
0.75427
0.754341
0.754373
0.754381
0.754381
0.7544
0.754434
0.754494
0.754536
0.754558
0.754602
0.754655
0.754738
0.754839
0.754884
0.754941
0.754941
0.755215
0.755287
0.755319
0.75539
0.755415
0.755617
0.755639
0.755642
0.755722
0.75579
0.75586
0.755876
0.755933
0.756023
0.75605
0.756174
0.756345
0.756356
0.75641
0.756447
0.756491
0.75652
0.756534
0.756575
0.756685
0.756744
0.756767
0.756791
0.756883
0.756887
0.756888
0.756904
0.757011
0.757039
0.757055
0.757092
0.757094
0.757108
0.757162
0.757171
0.757174
0.757185
0.757219
0.75725
0.757251
0.757331
0.757376
0.757392
0.757405
0.757416
0.757431
0.757466
0.757466
0.757473
0.757477
0.757537
0.75755
0.757578
0.757593
0.757656
0.757727
0.757745
0.757795
0.757805
0.757809
0.757809
0.757817
0.757836
0.757842
0.757876
0.757921
0.757932
0.757969
0.757969
0.757994
0.758013
0.758044
0.758057
0.75806
0.758063
0.75809
0.758154
0.758199
0.758206
0.758212
0.758217
0.758234
0.758256
0.758279
0.758281
0.758292
0.758303
0.758306
0.758307
0.758312
0.758345
0.758348
0.758367
0.75837
0.758376
0.758425
0.758428
0.758459
0.758473
0.758479
0.758479
0.758497
0.758499
0.758535
0.758539
0.758553
0.758564
0.758597
0.75865
0.758656
0.758659
0.758676
0.758681
0.7587
0.758713
0.758727
0.75873
0.758744
0.758773
0.758789
0.7588
0.75882
0.758829
0.758877
0.758886
0.758891
0.758918
0.758924
0.758927
0.758939
0.758964
0.758972
0.758973
0.758978
0.758986
0.758994
0.758996
0.759002
0.759013
0.759044
0.759049
0.759057
0.759059
0.759069
0.759075
0.759101
0.759113
0.759116
0.759123
0.759137
0.75914
0.759152
0.759157
0.759159
0.75918
0.759223
0.759226
0.759235
0.759261
0.759262
0.759274
0.759282
0.759297
0.759345
0.759353
0.759355
0.759364
0.759375
0.759389
0.759442
0.75948
0.759487
0.75949
0.759497
0.759511
0.759526
0.759536
0.759547
0.759562
0.759584
0.759589
0.759634
0.759639
0.759641
0.759665
0.759726
0.759748
0.759769
0.759795
0.759843
0.759848
0.759858
0.759892
0.759914
0.75992
0.759937
0.759939
0.759942
0.759951
0.759961
0.759972
0.759986
0.760003
0.760007
0.760009
0.760011
0.760019
0.760025
0.76004
0.760057
0.760066
0.760078
0.760107
0.760112
0.760122
0.760164
0.760166
0.76017
0.760173
0.76018
0.760217
0.760223
0.760227
0.760227
0.760228
0.760235
0.760266
0.76028
0.76029
0.760297
0.760299
0.760345
0.760353
0.760372
0.760398
0.760403
0.760403
0.760407
0.760424
0.76044
0.76044
0.760442
0.760448
0.760451
0.760497
0.760504
0.76051
0.76053
0.760558
0.760584
0.760608
0.760615
0.760631
0.760637
0.760637
0.760643
0.760678
0.760679
0.760683
0.760724
0.760741
0.760744
0.760749
0.760777
0.760791
0.760824
0.76084
0.760842
0.760844
0.760845
0.760853
0.760864
0.760873
0.760907
0.760919
0.76093
0.760933
0.760957
0.760969
0.760989
0.760998
0.761004
0.761044
0.761051
0.761055
0.761056
0.76109
0.761097
0.761097
0.761127
0.761175
0.761185
0.761196
0.761268
0.76129
0.761305
0.761315
0.761317
0.761327
0.761368
0.761375
0.76138
0.761405
0.761415
0.76142
0.761422
0.761517
0.761519
0.761545
0.761548
0.761551
0.761562
0.761603
0.761644
0.761698
0.761701
0.761702
0.761716
0.761747
0.761763
0.761864
0.761878
0.761883
0.761895
0.761895
0.761924
0.761974
0.761988
0.762051
0.762065
0.762102
0.762109
0.762137
0.762166
0.762172
0.762193
0.762209
0.762214
0.762316
0.762321
0.762339
0.762341
0.762342
0.762345
0.762354
0.762354
0.762377
0.762388
0.762398
0.762399
0.762409
0.762442
0.762448
0.76259
0.762596
0.762615
0.762636
0.762646
0.762648
0.762704
0.762748
0.762763
0.76278
0.762784
0.762867
0.762883
0.762905
0.762907
0.762926
0.762929
0.762931
0.762952
0.763008
0.763031
0.763043
0.763141
0.763206
0.763238
0.763246
0.76333
0.763391
0.763405
0.763491
0.76359
0.763602
0.763638
0.763639
0.763646
0.763703
0.763828
0.764045
0.717524
0.718348
0.718671
0.718891
0.71892
0.719026
0.719109
0.719147
0.719483
0.719492
0.719557
0.719687
0.719818
0.719971
0.719991
0.720029
0.720139
0.720164
0.720182
0.720208
0.720229
0.720231
0.720253
0.720308
0.72032
0.720342
0.720379
0.720384
0.720493
0.720504
0.720505
0.720627
0.72071
0.720743
0.720771
0.720782
0.720811
0.720825
0.720837
0.720862
0.720912
0.720914
0.720959
0.720977
0.720995
0.721004
0.721011
0.72105
0.721122
0.721125
0.721144
0.721156
0.721161
0.721204
0.721234
0.721266
0.721274
0.721311
0.721354
0.721358
0.721367
0.721401
0.721417
0.721421
0.721427
0.721436
0.72147
0.721563
0.721567
0.721617
0.721657
0.721659
0.72167
0.721692
0.721757
0.72177
0.721784
0.721801
0.721832
0.721837
0.721858
0.721869
0.72187
0.721877
0.721877
0.721955
0.721959
0.721965
0.722051
0.722076
0.722079
0.722084
0.722088
0.722121
0.722125
0.722131
0.722158
0.722176
0.722178
0.722178
0.72218
0.722181
0.72223
0.722251
0.722264
0.722266
0.722269
0.722289
0.722294
0.722321
0.722328
0.722347
0.722367
0.722376
0.722383
0.722406
0.722416
0.722472
0.722494
0.72252
0.722553
0.722581
0.722608
0.722609
0.722613
0.722613
0.722654
0.722664
0.722669
0.722671
0.722712
0.722719
0.722741
0.722745
0.722748
0.722771
0.722777
0.722779
0.722782
0.722786
0.72282
0.722837
0.722851
0.722985
0.722991
0.722992
0.723011
0.723023
0.723027
0.723028
0.723034
0.723049
0.723049
0.723049
0.723058
0.723066
0.723067
0.723088
0.723094
0.723165
0.723194
0.723194
0.723244
0.723277
0.723283
0.723287
0.723291
0.723293
0.723299
0.723318
0.723331
0.723353
0.723354
0.72336
0.723365
0.723372
0.723382
0.723434
0.723435
0.723455
0.723471
0.723473
0.723474
0.723481
0.723509
0.723522
0.723543
0.723546
0.723581
0.723585
0.72363
0.723635
0.723637
0.723641
0.723679
0.723691
0.723698
0.7237
0.723737
0.723737
0.723748
0.723751
0.723791
0.723802
0.723807
0.723815
0.723836
0.72384
0.72388
0.723884
0.723909
0.723917
0.723923
0.723932
0.723936
0.723939
0.723942
0.723955
0.723958
0.724039
0.724055
0.724066
0.7241
0.724128
0.724134
0.724142
0.72415
0.724174
0.72418
0.724189
0.724218
0.724248
0.724269
0.724282
0.724294
0.724302
0.724334
0.724336
0.724357
0.724379
0.724389
0.724401
0.724407
0.724408
0.724421
0.724453
0.724456
0.724469
0.724494
0.724498
0.724507
0.72452
0.724552
0.724555
0.724555
0.724577
0.724581
0.724628
0.724649
0.72466
0.72467
0.724677
0.724685
0.724692
0.724712
0.724719
0.724744
0.724764
0.724769
0.724798
0.724813
0.724836
0.724838
0.724843
0.72485
0.724864
0.724869
0.724877
0.724884
0.724905
0.724937
0.724983
0.725007
0.725025
0.725026
0.725029
0.725077
0.725082
0.725112
0.725115
0.725116
0.725136
0.725168
0.725183
0.725188
0.725192
0.725211
0.725238
0.725251
0.725261
0.725263
0.7253
0.725303
0.725311
0.725312
0.725341
0.725342
0.72535
0.725355
0.725365
0.725385
0.725398
0.7254
0.725429
0.725429
0.725455
0.725458
0.725479
0.725511
0.725561
0.725597
0.7256
0.725621
0.725635
0.725651
0.725677
0.725729
0.725734
0.725758
0.725759
0.725763
0.725764
0.725768
0.725771
0.725789
0.725819
0.72583
0.725855
0.725871
0.725883
0.725886
0.725889
0.725898
0.725899
0.725955
0.725967
0.725981
0.725996
0.726005
0.726036
0.726048
0.726049
0.726069
0.726085
0.726093
0.726095
0.726097
0.726106
0.726142
0.726155
0.726187
0.726232
0.726248
0.726256
0.726272
0.72631
0.726329
0.726354
0.72636
0.726365
0.726421
0.726428
0.726436
0.726485
0.726487
0.726488
0.726524
0.726563
0.726591
0.726601
0.726605
0.726615
0.726618
0.726621
0.726646
0.726655
0.726656
0.726793
0.726857
0.726875
0.726888
0.72689
0.726891
0.72699
0.726993
0.727013
0.727028
0.727053
0.727074
0.727106
0.727145
0.727179
0.727188
0.727199
0.727263
0.727272
0.727277
0.727331
0.727339
0.727371
0.727389
0.727455
0.727485
0.727522
0.727546
0.727623
0.727694
0.727797
0.727843
0.727954
0.728019
0.728486
0.728889
0.745386
0.745574
0.745781
0.746162
0.746606
0.746821
0.747074
0.747075
0.747083
0.747147
0.747318
0.747401
0.747433
0.747482
0.747498
0.747699
0.747754
0.747921
0.74826
0.748306
0.748457
0.748628
0.748673
0.748783
0.748785
0.748837
0.748922
0.748963
0.748978
0.749059
0.749185
0.749409
0.749421
0.749428
0.749448
0.749551
0.749682
0.749747
0.749816
0.749971
0.750056
0.750074
0.750086
0.750107
0.750191
0.750192
0.750212
0.750247
0.750249
0.750273
0.750345
0.750417
0.750436
0.750438
0.750463
0.750492
0.750501
0.750528
0.750553
0.750581
0.750649
0.750684
0.750732
0.750791
0.75088
0.750893
0.750909
0.750928
0.750935
0.750989
0.751033
0.751051
0.751057
0.751097
0.751122
0.75113
0.751142
0.751152
0.751226
0.751239
0.751251
0.751368
0.751437
0.751457
0.751529
0.751549
0.751552
0.75159
0.751592
0.751612
0.751643
0.751657
0.751693
0.751698
0.75172
0.751733
0.751755
0.751786
0.751817
0.751851
0.751896
0.751902
0.751923
0.751962
0.751991
0.752056
0.752124
0.752192
0.752249
0.752302
0.752317
0.752338
0.752342
0.752386
0.752396
0.75242
0.752424
0.752473
0.752475
0.7525
0.752503
0.752504
0.752595
0.752624
0.752666
0.752666
0.752678
0.75276
0.752765
0.752774
0.752821
0.752842
0.752862
0.752904
0.752905
0.752969
0.752974
0.752986
0.752993
0.753023
0.753045
0.753137
0.753166
0.753204
0.753247
0.75327
0.753364
0.753373
0.753383
0.753451
0.753454
0.753478
0.753489
0.753594
0.753648
0.75378
0.753783
0.753804
0.753831
0.753862
0.753895
0.753897
0.753913
0.753915
0.753962
0.754033
0.754065
0.754073
0.754073
0.754092
0.754156
0.754187
0.754228
0.75425
0.754295
0.754347
0.754431
0.754531
0.754576
0.754634
0.754634
0.754908
0.75498
0.755012
0.755108
0.75511
0.755335
0.755337
0.75536
0.755443
0.755511
0.755573
0.755597
0.755626
0.755744
0.75577
0.755894
0.756065
0.75607
0.756124
0.756168
0.756212
0.756234
0.756255
0.756296
0.756406
0.756464
0.756488
0.756512
0.756603
0.756608
0.756609
0.756624
0.756725
0.75676
0.756775
0.756805
0.756815
0.756828
0.756883
0.756887
0.756891
0.756898
0.75694
0.75697
0.756972
0.757052
0.757097
0.757112
0.757125
0.757136
0.757151
0.757179
0.757179
0.757194
0.757197
0.757258
0.75727
0.757298
0.757307
0.757376
0.757447
0.757458
0.757509
0.757519
0.757529
0.75753
0.757538
0.757549
0.757563
0.757589
0.757635
0.757653
0.75769
0.75769
0.757714
0.757733
0.757764
0.757771
0.757777
0.75778
0.757803
0.757875
0.757919
0.757919
0.757925
0.757937
0.757955
0.757969
0.758
0.758001
0.758005
0.758016
0.758026
0.758027
0.758032
0.758059
0.758061
0.758087
0.758091
0.758096
0.758145
0.758149
0.758179
0.758186
0.758192
0.7582
0.758211
0.758219
0.758256
0.758259
0.758273
0.758278
0.758317
0.758369
0.75837
0.758372
0.758396
0.758401
0.75842
0.758433
0.758444
0.758447
0.758464
0.758494
0.758502
0.75852
0.75854
0.758541
0.758597
0.758599
0.758611
0.758631
0.758644
0.758647
0.758652
0.758684
0.758686
0.758692
0.758692
0.758699
0.758709
0.758714
0.758716
0.758733
0.758764
0.758769
0.75877
0.758772
0.758783
0.758788
0.758822
0.758834
0.758836
0.758843
0.75885
0.75886
0.758865
0.758877
0.758879
0.758893
0.758936
0.758939
0.758955
0.758974
0.758976
0.758987
0.759002
0.759017
0.759058
0.759073
0.759075
0.759077
0.759095
0.75911
0.759162
0.7592
0.7592
0.759203
0.759217
0.759231
0.759247
0.759249
0.75926
0.759275
0.759304
0.75931
0.759347
0.759352
0.759361
0.759377
0.759447
0.759461
0.759489
0.759515
0.759563
0.759568
0.759578
0.759612
0.759634
0.759641
0.759653
0.759655
0.759658
0.759671
0.759674
0.759685
0.759706
0.759717
0.75972
0.759724
0.759729
0.759732
0.759738
0.759759
0.759777
0.759786
0.759791
0.759825
0.759826
0.759842
0.75988
0.759884
0.759886
0.759889
0.759893
0.759937
0.75994
0.759941
0.759943
0.759948
0.759955
0.759985
0.76
0.760003
0.76001
0.76002
0.760065
0.760066
0.760085
0.760118
0.76012
0.760123
0.760123
0.760137
0.760152
0.76016
0.760162
0.760162
0.760165
0.76021
0.760224
0.76023
0.760244
0.760271
0.760305
0.760328
0.760328
0.76035
0.760351
0.760351
0.760356
0.760392
0.760396
0.760398
0.760444
0.760461
0.760462
0.760464
0.76049
0.760505
0.760538
0.760555
0.760557
0.760558
0.76056
0.760566
0.760577
0.760587
0.76062
0.760639
0.760646
0.76065
0.76067
0.760689
0.760709
0.760711
0.760718
0.760757
0.760764
0.760768
0.760769
0.760803
0.76081
0.760817
0.760848
0.760895
0.760905
0.76091
0.760981
0.761003
0.761025
0.761028
0.76103
0.761047
0.761081
0.761088
0.761093
0.761118
0.761128
0.761133
0.761142
0.761232
0.761236
0.761258
0.761262
0.761264
0.761275
0.761316
0.761358
0.761411
0.761415
0.761416
0.761429
0.76146
0.761476
0.761577
0.761598
0.761603
0.761608
0.761608
0.761637
0.761688
0.761702
0.761765
0.761778
0.761815
0.761822
0.76185
0.76188
0.761885
0.761907
0.761922
0.761927
0.762029
0.762034
0.762052
0.762055
0.762055
0.762059
0.762067
0.762068
0.762091
0.762101
0.762111
0.762112
0.762122
0.762155
0.762161
0.762304
0.76231
0.762328
0.762349
0.762359
0.762361
0.762418
0.762462
0.762476
0.762494
0.762498
0.762581
0.762596
0.762618
0.76262
0.76264
0.762642
0.762644
0.762665
0.762722
0.762744
0.762757
0.762854
0.76292
0.762951
0.762959
0.763043
0.763105
0.763118
0.763204
0.763304
0.763316
0.763351
0.763352
0.76336
0.763417
0.763541
0.763758
0.717117
0.717943
0.718266
0.718486
0.718512
0.718621
0.718701
0.718742
0.719078
0.719086
0.719148
0.719283
0.719409
0.719562
0.719587
0.719624
0.719729
0.719756
0.719774
0.719803
0.71982
0.719822
0.719848
0.719903
0.719911
0.719934
0.71997
0.719975
0.720084
0.720095
0.720096
0.720222
0.720305
0.720338
0.720366
0.720373
0.720406
0.72042
0.720432
0.720457
0.720503
0.720505
0.720549
0.720569
0.720586
0.720595
0.720601
0.720645
0.720717
0.72072
0.720734
0.720751
0.720751
0.720799
0.720829
0.720856
0.720865
0.720902
0.720945
0.720948
0.720958
0.720996
0.721012
0.721016
0.721018
0.721027
0.721065
0.721154
0.721157
0.721208
0.72125
0.721252
0.721261
0.721283
0.721348
0.721361
0.721375
0.721396
0.721427
0.721427
0.721453
0.72146
0.721464
0.721467
0.721467
0.721546
0.721554
0.72156
0.721642
0.721667
0.72167
0.721674
0.721679
0.721715
0.721715
0.721722
0.721749
0.72177
0.721771
0.721772
0.721773
0.721773
0.721825
0.721845
0.721859
0.721859
0.721861
0.721881
0.721889
0.721912
0.721923
0.721938
0.721957
0.721967
0.721973
0.721997
0.722007
0.722062
0.722084
0.722115
0.722148
0.722176
0.7222
0.7222
0.722204
0.722208
0.722248
0.722255
0.722262
0.722264
0.722303
0.722309
0.722332
0.722336
0.722339
0.722366
0.722367
0.72237
0.722372
0.722377
0.722414
0.722431
0.722442
0.722576
0.722582
0.722587
0.722601
0.722617
0.722622
0.722623
0.72263
0.722639
0.72264
0.72264
0.722649
0.722657
0.722662
0.722683
0.722684
0.72276
0.722784
0.722785
0.722834
0.722868
0.722874
0.722878
0.722881
0.722889
0.72289
0.722913
0.722926
0.722944
0.722949
0.722955
0.722956
0.722967
0.722972
0.723026
0.723029
0.72305
0.723062
0.723064
0.723065
0.723071
0.723099
0.723117
0.723133
0.723141
0.723172
0.723175
0.723221
0.723226
0.723232
0.723232
0.72327
0.723286
0.723288
0.723291
0.723327
0.723327
0.723338
0.723346
0.723386
0.723397
0.723402
0.723406
0.723427
0.723435
0.723475
0.723479
0.7235
0.723508
0.723518
0.723526
0.723527
0.723534
0.723537
0.723546
0.723549
0.72363
0.72365
0.723656
0.723695
0.723719
0.723725
0.723737
0.723744
0.723765
0.72377
0.723784
0.723809
0.723843
0.723859
0.723872
0.723889
0.723893
0.723924
0.723927
0.723948
0.72397
0.723979
0.723996
0.723998
0.724003
0.724012
0.724048
0.724052
0.724064
0.724088
0.724093
0.724097
0.724116
0.724147
0.72415
0.72415
0.724167
0.724172
0.724223
0.724239
0.724251
0.72426
0.724271
0.72428
0.724287
0.724307
0.724314
0.724339
0.724355
0.724364
0.724388
0.724403
0.724428
0.724431
0.724438
0.724445
0.724459
0.724464
0.724467
0.724474
0.7245
0.724528
0.724578
0.724597
0.72462
0.724621
0.724624
0.724671
0.724672
0.724706
0.724706
0.72471
0.724731
0.724759
0.724774
0.724778
0.724783
0.724802
0.724833
0.724841
0.724852
0.724858
0.724895
0.724898
0.724902
0.724907
0.724932
0.724937
0.724941
0.724945
0.724956
0.72498
0.724988
0.724995
0.725024
0.725024
0.725045
0.725053
0.72507
0.725106
0.725156
0.725192
0.725195
0.725211
0.725226
0.725242
0.725272
0.725319
0.725325
0.725349
0.725353
0.725354
0.725354
0.725362
0.725363
0.725379
0.72541
0.72542
0.72545
0.725462
0.725473
0.725481
0.725484
0.72549
0.725493
0.725546
0.725562
0.725576
0.72559
0.725596
0.725631
0.725639
0.725643
0.725665
0.725681
0.725683
0.725686
0.725688
0.725697
0.725737
0.725749
0.725778
0.725827
0.725843
0.725847
0.725867
0.725905
0.72592
0.725944
0.725955
0.725955
0.726016
0.726023
0.726031
0.72608
0.726082
0.726083
0.726115
0.726153
0.726187
0.726196
0.726201
0.72621
0.726214
0.726216
0.726236
0.726245
0.726246
0.726388
0.726453
0.726471
0.726483
0.726485
0.726487
0.726585
0.726588
0.726604
0.726619
0.726648
0.726665
0.726697
0.726736
0.72677
0.726783
0.726795
0.726858
0.726867
0.726872
0.726926
0.72693
0.726966
0.726979
0.72705
0.72708
0.727117
0.727142
0.727218
0.727285
0.727392
0.727438
0.72755
0.727614
0.728082
0.728485
0.745076
0.745264
0.745471
0.745853
0.746296
0.746512
0.746764
0.746765
0.746773
0.746838
0.747009
0.747092
0.747123
0.747173
0.747188
0.747389
0.747444
0.747612
0.74795
0.747996
0.748148
0.748318
0.748364
0.748473
0.748476
0.748528
0.748613
0.748653
0.748668
0.748749
0.748875
0.7491
0.749112
0.749119
0.749139
0.749241
0.749373
0.749438
0.749506
0.749662
0.749747
0.749764
0.749777
0.749798
0.749882
0.749882
0.749903
0.749937
0.74994
0.749963
0.750036
0.750108
0.750127
0.750129
0.750154
0.750183
0.750191
0.750219
0.750244
0.750272
0.75034
0.750374
0.750423
0.750482
0.750571
0.750584
0.750599
0.750619
0.750626
0.750679
0.750724
0.750742
0.750748
0.750788
0.750812
0.750821
0.750833
0.750844
0.750917
0.750929
0.750941
0.751059
0.751128
0.751148
0.75122
0.75124
0.751243
0.751281
0.751283
0.751303
0.751334
0.751348
0.751384
0.751388
0.751411
0.751424
0.751446
0.751477
0.751508
0.751542
0.751587
0.751593
0.751614
0.751653
0.751682
0.751748
0.751815
0.751883
0.75194
0.751994
0.752009
0.752029
0.752033
0.752077
0.752088
0.752111
0.752115
0.752164
0.752166
0.752192
0.752194
0.752195
0.752287
0.752316
0.752357
0.752358
0.752369
0.752451
0.752456
0.752465
0.752512
0.752533
0.752553
0.752595
0.752597
0.75266
0.752665
0.752677
0.752685
0.752714
0.752737
0.752828
0.752858
0.752895
0.752939
0.752962
0.753055
0.753064
0.753075
0.753143
0.753146
0.75317
0.753181
0.753286
0.753339
0.753472
0.753475
0.753495
0.753523
0.753554
0.753586
0.753589
0.753605
0.753607
0.753654
0.753725
0.753757
0.753765
0.753765
0.753784
0.753877
0.753879
0.75392
0.753941
0.753987
0.754039
0.754123
0.754223
0.754268
0.754326
0.754326
0.7546
0.754672
0.754704
0.754801
0.754831
0.755027
0.755057
0.755081
0.755163
0.755231
0.755287
0.755317
0.755319
0.755465
0.75549
0.755614
0.755784
0.755786
0.755837
0.755888
0.755932
0.755947
0.755975
0.756016
0.756126
0.756184
0.756208
0.756232
0.756324
0.756327
0.756329
0.756344
0.756439
0.75648
0.756495
0.756519
0.756535
0.756549
0.756601
0.756603
0.756611
0.756611
0.75666
0.75669
0.756692
0.756771
0.756816
0.756832
0.756845
0.756855
0.756871
0.756892
0.756892
0.756913
0.756917
0.756977
0.75699
0.757018
0.75702
0.757096
0.757167
0.75717
0.757221
0.757232
0.757249
0.75725
0.757258
0.757262
0.757282
0.757302
0.757347
0.757373
0.757409
0.75741
0.757434
0.757452
0.757484
0.757484
0.757489
0.757501
0.757516
0.757594
0.757632
0.757638
0.757638
0.757656
0.757675
0.757682
0.757719
0.75772
0.757721
0.757728
0.757747
0.757747
0.757752
0.757771
0.757774
0.757806
0.757811
0.757816
0.757865
0.757869
0.757899
0.757899
0.757904
0.757919
0.757923
0.757939
0.757976
0.757979
0.75799
0.757993
0.758037
0.758081
0.758085
0.758089
0.758115
0.758121
0.75814
0.758153
0.758157
0.758166
0.758183
0.758213
0.758215
0.75824
0.758254
0.758259
0.758311
0.758316
0.75833
0.758343
0.758364
0.758365
0.758367
0.758399
0.758404
0.758404
0.758412
0.758412
0.758422
0.758429
0.758434
0.758453
0.758482
0.758484
0.758485
0.758489
0.758495
0.7585
0.758541
0.758553
0.758555
0.758562
0.758563
0.758577
0.758579
0.758597
0.758599
0.758605
0.758649
0.758652
0.758674
0.758686
0.758689
0.7587
0.758721
0.758737
0.75877
0.758789
0.758793
0.758795
0.758814
0.758829
0.758882
0.758912
0.758916
0.75892
0.758937
0.758951
0.758961
0.758966
0.758973
0.758988
0.759023
0.75903
0.75906
0.759064
0.75908
0.75909
0.759166
0.759174
0.759208
0.759235
0.759283
0.759287
0.759298
0.759331
0.759353
0.75936
0.759365
0.759368
0.759377
0.759387
0.759391
0.759397
0.759426
0.759429
0.759433
0.759436
0.759445
0.759448
0.75945
0.759479
0.759496
0.759504
0.759505
0.759537
0.759545
0.759561
0.759592
0.759599
0.759603
0.759606
0.759609
0.759653
0.759654
0.759656
0.759663
0.759667
0.759674
0.759705
0.759715
0.759719
0.759723
0.759739
0.759778
0.759784
0.759797
0.759832
0.759837
0.759842
0.759843
0.759849
0.759865
0.759875
0.759878
0.75988
0.759882
0.759922
0.759943
0.759949
0.759956
0.759984
0.760024
0.76004
0.760047
0.760062
0.760063
0.760068
0.760071
0.760105
0.760108
0.760117
0.760164
0.760175
0.76018
0.760184
0.760202
0.760217
0.760251
0.760268
0.76027
0.760271
0.760279
0.760279
0.76029
0.7603
0.760333
0.760358
0.760358
0.760369
0.760383
0.760408
0.760424
0.760428
0.760431
0.760469
0.760477
0.760481
0.760482
0.760515
0.760522
0.760537
0.760567
0.760614
0.760623
0.760625
0.760694
0.760716
0.760741
0.760743
0.760744
0.760766
0.760793
0.7608
0.760806
0.760831
0.760841
0.760846
0.760862
0.760945
0.760956
0.76097
0.760974
0.760977
0.760988
0.761029
0.761071
0.761124
0.761127
0.761129
0.761141
0.761172
0.761188
0.76129
0.761317
0.76132
0.761321
0.761322
0.76135
0.761401
0.761414
0.761477
0.761491
0.761527
0.761535
0.761562
0.761593
0.761597
0.76162
0.761635
0.76164
0.761742
0.761747
0.761765
0.761767
0.761768
0.761772
0.76178
0.761781
0.761804
0.761813
0.761823
0.761825
0.761835
0.761868
0.761874
0.762016
0.762023
0.762041
0.762062
0.762072
0.762074
0.762131
0.762175
0.762189
0.762206
0.762211
0.762293
0.762308
0.762331
0.762333
0.762353
0.762354
0.762356
0.762378
0.762435
0.762456
0.76247
0.762567
0.762632
0.762664
0.762672
0.762756
0.762818
0.762831
0.762916
0.763016
0.763029
0.763064
0.763065
0.763073
0.76313
0.763254
0.763471
0.716708
0.717537
0.71786
0.718079
0.718103
0.718215
0.718292
0.718336
0.718672
0.71868
0.718739
0.718877
0.719
0.719152
0.719181
0.719218
0.719319
0.719346
0.719365
0.719397
0.719411
0.719412
0.719443
0.719497
0.719501
0.719524
0.71956
0.719565
0.719674
0.719685
0.719686
0.719817
0.719899
0.719931
0.71996
0.719963
0.720001
0.720014
0.720025
0.720051
0.720094
0.720095
0.720139
0.720159
0.720176
0.720185
0.720191
0.720239
0.720312
0.720314
0.720324
0.720341
0.720345
0.720393
0.720423
0.720446
0.720454
0.720493
0.720535
0.720538
0.720548
0.72059
0.720606
0.720608
0.720611
0.720617
0.72066
0.720745
0.720747
0.720798
0.720839
0.720846
0.720852
0.720873
0.720938
0.720952
0.720965
0.72099
0.721016
0.721021
0.721047
0.72105
0.721056
0.721057
0.721057
0.721136
0.721148
0.721153
0.721232
0.721257
0.72126
0.721264
0.721268
0.721305
0.721309
0.721312
0.721339
0.72136
0.721362
0.721365
0.721367
0.721367
0.721419
0.721439
0.721449
0.721453
0.721455
0.721471
0.721483
0.721501
0.721517
0.721528
0.721547
0.721556
0.721562
0.721587
0.721597
0.721651
0.721674
0.721709
0.721743
0.721769
0.72179
0.72179
0.721794
0.721803
0.721842
0.721845
0.721852
0.721858
0.721893
0.721899
0.721921
0.721925
0.721929
0.721957
0.72196
0.72196
0.721961
0.721967
0.722008
0.722025
0.722032
0.722166
0.722172
0.722181
0.72219
0.722211
0.722216
0.722217
0.722224
0.722228
0.72223
0.72223
0.722239
0.722246
0.722255
0.722273
0.722276
0.722354
0.722373
0.722375
0.722424
0.722458
0.722464
0.722468
0.72247
0.72248
0.722483
0.722507
0.72252
0.722534
0.722543
0.722545
0.72255
0.722561
0.722562
0.722615
0.722624
0.722644
0.722651
0.722654
0.722655
0.72266
0.722688
0.722711
0.722722
0.722735
0.722762
0.722764
0.722811
0.722816
0.722822
0.722825
0.722859
0.722878
0.72288
0.722881
0.722916
0.722917
0.722927
0.72294
0.72298
0.72299
0.722995
0.722996
0.723016
0.723029
0.723068
0.723073
0.72309
0.723098
0.723113
0.723115
0.723122
0.723128
0.723132
0.723135
0.723138
0.723219
0.723245
0.723245
0.723289
0.723309
0.723314
0.723332
0.723338
0.723355
0.72336
0.723378
0.723399
0.723436
0.723449
0.723462
0.723483
0.723483
0.723513
0.723516
0.723538
0.72356
0.723568
0.723588
0.72359
0.723597
0.723601
0.723643
0.723646
0.723658
0.723682
0.723686
0.723687
0.72371
0.723741
0.723744
0.723744
0.723756
0.723762
0.723818
0.723828
0.72384
0.72385
0.723865
0.723873
0.723882
0.723901
0.723908
0.723933
0.723945
0.723958
0.723978
0.723992
0.724016
0.724025
0.724033
0.72404
0.724053
0.724057
0.724059
0.724063
0.724094
0.724118
0.724172
0.724187
0.724214
0.724216
0.724218
0.724261
0.724265
0.724296
0.7243
0.724304
0.724325
0.724348
0.724363
0.724367
0.724373
0.724392
0.724427
0.724431
0.724441
0.724452
0.724489
0.724492
0.724492
0.7245
0.724522
0.72453
0.724531
0.724535
0.724545
0.724574
0.724577
0.72459
0.724618
0.724618
0.724635
0.724647
0.724659
0.7247
0.72475
0.724786
0.724789
0.724801
0.724815
0.724832
0.724865
0.724908
0.724914
0.724939
0.724943
0.724944
0.724949
0.724952
0.724957
0.724968
0.725
0.72501
0.725045
0.725051
0.725063
0.725075
0.725078
0.725079
0.725087
0.725136
0.725157
0.72517
0.725184
0.725185
0.725225
0.725228
0.725237
0.725259
0.725272
0.725275
0.725276
0.725277
0.725286
0.725331
0.725343
0.725367
0.725421
0.725437
0.725437
0.72546
0.725499
0.72551
0.725534
0.725545
0.725549
0.725611
0.725617
0.725625
0.725675
0.725676
0.725677
0.725705
0.725743
0.725781
0.725791
0.725795
0.725804
0.725808
0.72581
0.725826
0.725834
0.725836
0.725982
0.726047
0.726065
0.726077
0.726079
0.726081
0.726179
0.726182
0.726194
0.726209
0.726243
0.726254
0.726287
0.726325
0.72636
0.726378
0.726389
0.726452
0.726461
0.726467
0.72652
0.726521
0.726561
0.726568
0.726644
0.726674
0.726712
0.726736
0.726813
0.726874
0.726987
0.727032
0.727144
0.727208
0.727676
0.72808
0.744766
0.744954
0.745161
0.745542
0.745986
0.746201
0.746453
0.746455
0.746463
0.746527
0.746698
0.746782
0.746813
0.746863
0.746878
0.747079
0.747134
0.747301
0.74764
0.747686
0.747837
0.748008
0.748054
0.748162
0.748166
0.748218
0.748303
0.748343
0.748358
0.748439
0.748565
0.74879
0.748802
0.748809
0.748829
0.748931
0.749063
0.749128
0.749196
0.749353
0.749437
0.749454
0.749467
0.749488
0.749572
0.749572
0.749593
0.749628
0.74963
0.749653
0.749727
0.749798
0.749817
0.74982
0.749844
0.749874
0.749881
0.749909
0.749934
0.749962
0.75003
0.750065
0.750113
0.750172
0.750262
0.750274
0.750289
0.750309
0.750316
0.75037
0.750414
0.750433
0.750438
0.750479
0.750503
0.750511
0.750524
0.750534
0.750607
0.750619
0.750631
0.750749
0.750818
0.750839
0.75091
0.75093
0.750933
0.750971
0.750974
0.750993
0.751024
0.751039
0.751074
0.751079
0.751101
0.751114
0.751137
0.751168
0.751199
0.751233
0.751277
0.751284
0.751305
0.751343
0.751372
0.751438
0.751506
0.751574
0.751631
0.751685
0.751699
0.75172
0.751724
0.751768
0.751779
0.751802
0.751806
0.751855
0.751857
0.751882
0.751885
0.751886
0.751978
0.752007
0.752048
0.752049
0.75206
0.752142
0.752146
0.752156
0.752203
0.752224
0.752244
0.752286
0.752288
0.752351
0.752356
0.752368
0.752375
0.752405
0.752427
0.75252
0.752549
0.752586
0.75263
0.752653
0.752746
0.752755
0.752766
0.752834
0.752837
0.752861
0.752872
0.752977
0.75303
0.753163
0.753167
0.753187
0.753214
0.753245
0.753278
0.753281
0.753297
0.753298
0.753345
0.753416
0.753448
0.753456
0.753457
0.753476
0.75357
0.753597
0.753611
0.753633
0.753678
0.75373
0.753814
0.753915
0.75396
0.754018
0.754018
0.754291
0.754364
0.754396
0.754492
0.75455
0.754719
0.754777
0.754801
0.754883
0.754951
0.754999
0.755011
0.755037
0.755184
0.75521
0.755334
0.755497
0.755505
0.755549
0.755608
0.755652
0.755659
0.755695
0.755736
0.755846
0.755903
0.755927
0.755951
0.756044
0.756047
0.756049
0.756064
0.756151
0.756199
0.756214
0.756231
0.756255
0.756268
0.756313
0.756322
0.756324
0.75633
0.756379
0.756409
0.756412
0.756491
0.756536
0.756551
0.756565
0.756575
0.75659
0.756604
0.756604
0.756633
0.756637
0.756697
0.75671
0.756733
0.756737
0.756815
0.756882
0.756887
0.756934
0.756945
0.756968
0.756969
0.756974
0.756977
0.757002
0.757014
0.75706
0.757093
0.757129
0.75713
0.757154
0.757172
0.757196
0.757201
0.757204
0.75722
0.757228
0.757314
0.757344
0.757349
0.757357
0.757375
0.757394
0.757395
0.757431
0.757439
0.75744
0.75744
0.757466
0.757466
0.757472
0.757484
0.757486
0.757525
0.75753
0.757535
0.757584
0.757588
0.757611
0.757617
0.757618
0.757636
0.757638
0.757658
0.757695
0.757699
0.757702
0.757712
0.757756
0.757793
0.757797
0.757808
0.757834
0.75784
0.757859
0.757869
0.757872
0.757885
0.757903
0.757928
0.757932
0.757959
0.757965
0.757978
0.758023
0.758036
0.75805
0.758055
0.758077
0.758083
0.758086
0.758111
0.758116
0.758124
0.758124
0.758131
0.758134
0.758141
0.758152
0.758172
0.758194
0.758197
0.758204
0.758208
0.758208
0.758212
0.75826
0.758273
0.758275
0.758276
0.758281
0.758289
0.758298
0.758316
0.758317
0.758318
0.758361
0.758364
0.758393
0.758398
0.758401
0.758412
0.75844
0.758456
0.758482
0.758501
0.758513
0.758514
0.758533
0.758549
0.758601
0.758624
0.758628
0.758639
0.758655
0.75867
0.758673
0.758685
0.758685
0.758701
0.758742
0.758749
0.758772
0.758776
0.758799
0.758801
0.758885
0.758886
0.758927
0.758954
0.759002
0.759005
0.759016
0.759051
0.759072
0.759077
0.75908
0.75908
0.759096
0.759099
0.759109
0.759109
0.759141
0.759145
0.759145
0.759148
0.759157
0.759162
0.759167
0.759197
0.759215
0.759216
0.759224
0.759249
0.759264
0.75928
0.759305
0.759311
0.759318
0.759322
0.759328
0.759365
0.759366
0.759375
0.759382
0.759386
0.759393
0.759423
0.759427
0.759435
0.759438
0.759459
0.75949
0.759503
0.759509
0.759544
0.759556
0.75956
0.759561
0.759562
0.759576
0.759587
0.75959
0.759599
0.7596
0.759634
0.759662
0.759668
0.759669
0.759696
0.759743
0.759752
0.759766
0.759774
0.759775
0.75978
0.75979
0.759817
0.759819
0.759836
0.759883
0.759887
0.759899
0.759903
0.759914
0.759929
0.759963
0.75998
0.759981
0.759983
0.759991
0.759998
0.760002
0.760012
0.760045
0.76007
0.760076
0.760088
0.760096
0.760127
0.760136
0.760143
0.760146
0.760181
0.760189
0.760193
0.760193
0.760227
0.760234
0.760256
0.760286
0.760333
0.760335
0.760344
0.760406
0.760428
0.760453
0.760455
0.760463
0.760485
0.760505
0.760512
0.760518
0.760542
0.760553
0.760558
0.760581
0.760656
0.760674
0.760682
0.760686
0.760689
0.7607
0.760741
0.760783
0.760836
0.760839
0.760841
0.760853
0.760884
0.7609
0.761002
0.761032
0.761033
0.761036
0.761041
0.761062
0.761113
0.761127
0.761189
0.761203
0.761239
0.761247
0.761274
0.761305
0.761309
0.761332
0.761347
0.761352
0.761455
0.761459
0.761477
0.76148
0.76148
0.761484
0.761492
0.761493
0.761516
0.761525
0.761535
0.761538
0.761548
0.76158
0.761586
0.761728
0.761735
0.761753
0.761774
0.761785
0.761786
0.761843
0.761887
0.761901
0.761919
0.761923
0.762006
0.76202
0.762043
0.762045
0.762065
0.762066
0.762068
0.762091
0.762147
0.762168
0.762182
0.762279
0.762345
0.762376
0.762384
0.762468
0.76253
0.762543
0.762628
0.762728
0.762742
0.762776
0.762777
0.762785
0.762842
0.762967
0.763184
0.716299
0.717131
0.717453
0.717673
0.717694
0.717808
0.717882
0.717929
0.718266
0.718274
0.718328
0.718471
0.71859
0.718741
0.718775
0.718811
0.718909
0.718936
0.718955
0.71899
0.719
0.719001
0.719036
0.71909
0.71909
0.719113
0.719149
0.719154
0.719263
0.719274
0.719276
0.71941
0.719492
0.719524
0.719552
0.719554
0.719594
0.719607
0.719618
0.719644
0.719683
0.719684
0.719728
0.719749
0.719765
0.719774
0.71978
0.719833
0.719905
0.719907
0.719913
0.719929
0.719938
0.719986
0.720016
0.720034
0.720043
0.720082
0.720124
0.720126
0.720137
0.720183
0.720197
0.720199
0.720204
0.720206
0.720253
0.720334
0.720336
0.720387
0.720428
0.720439
0.720441
0.720463
0.720528
0.720541
0.720554
0.720584
0.720605
0.720615
0.720639
0.720641
0.720645
0.720646
0.72065
0.720726
0.720741
0.720746
0.720821
0.720847
0.720849
0.720854
0.720857
0.720894
0.720902
0.720902
0.720928
0.720948
0.720951
0.720958
0.72096
0.72096
0.721012
0.721032
0.721038
0.721046
0.721047
0.721061
0.721076
0.72109
0.72111
0.721117
0.721135
0.721145
0.721151
0.721176
0.721186
0.72124
0.721262
0.721302
0.721336
0.721362
0.721379
0.721379
0.721383
0.721396
0.721435
0.721435
0.721441
0.721451
0.721482
0.721488
0.72151
0.721514
0.721517
0.721546
0.721549
0.72155
0.721553
0.721556
0.721601
0.721618
0.721622
0.721755
0.721761
0.721774
0.721779
0.721804
0.721809
0.721811
0.721816
0.721817
0.721819
0.721819
0.721828
0.721835
0.721848
0.721861
0.721869
0.721948
0.721962
0.721964
0.722013
0.722046
0.722052
0.722057
0.722058
0.722069
0.722076
0.7221
0.722113
0.722124
0.722134
0.722136
0.722143
0.722151
0.722154
0.722204
0.722217
0.722238
0.72224
0.722243
0.722244
0.722249
0.722276
0.722305
0.72231
0.722328
0.722351
0.722353
0.7224
0.722405
0.722411
0.722418
0.722448
0.722466
0.722469
0.722474
0.722504
0.722506
0.722515
0.722534
0.722573
0.722583
0.722586
0.722588
0.722605
0.722623
0.722661
0.722666
0.722679
0.722687
0.722703
0.722706
0.722715
0.722721
0.722724
0.722725
0.722726
0.722808
0.722834
0.722838
0.722882
0.722898
0.722903
0.722925
0.722931
0.722944
0.722948
0.722971
0.722988
0.723029
0.723038
0.723051
0.723072
0.723077
0.723102
0.723104
0.723126
0.723149
0.723157
0.723178
0.723184
0.723189
0.72319
0.723236
0.72324
0.723251
0.723275
0.723276
0.72328
0.723304
0.723333
0.723336
0.723337
0.723344
0.723352
0.723411
0.723416
0.723429
0.723438
0.723458
0.723466
0.723475
0.723494
0.723501
0.723526
0.723534
0.723552
0.723566
0.723581
0.723604
0.723619
0.723626
0.723633
0.723645
0.723646
0.723651
0.723652
0.723688
0.723707
0.723765
0.723775
0.723807
0.723809
0.723811
0.72385
0.723858
0.723885
0.723893
0.723897
0.723917
0.723937
0.723952
0.723956
0.723962
0.723981
0.72402
0.724021
0.724031
0.724045
0.724081
0.724082
0.724084
0.724093
0.72411
0.724119
0.724124
0.724124
0.724134
0.724165
0.724167
0.724183
0.72421
0.724211
0.724223
0.724241
0.724248
0.724293
0.724343
0.72438
0.724383
0.724389
0.724404
0.72442
0.724458
0.724497
0.724503
0.724528
0.724531
0.724533
0.724541
0.724542
0.72455
0.724556
0.724589
0.724598
0.724638
0.72464
0.724651
0.724668
0.724669
0.724672
0.724681
0.724725
0.72475
0.724763
0.724774
0.724777
0.724816
0.724818
0.72483
0.724852
0.724861
0.724865
0.724866
0.724869
0.724874
0.724924
0.724936
0.724955
0.725014
0.725026
0.72503
0.725053
0.725092
0.725099
0.725122
0.725134
0.725143
0.725204
0.725211
0.725218
0.725268
0.72527
0.72527
0.725294
0.725332
0.725375
0.725384
0.725389
0.725398
0.725402
0.725403
0.725415
0.725423
0.725424
0.725575
0.725641
0.725659
0.725671
0.725672
0.725675
0.725772
0.725775
0.725782
0.725798
0.725836
0.725842
0.725876
0.725913
0.725949
0.725971
0.725983
0.726046
0.726054
0.72606
0.726109
0.726114
0.726154
0.726157
0.726237
0.726267
0.726306
0.72633
0.726406
0.726463
0.72658
0.726626
0.726738
0.726801
0.727269
0.727674
0.744455
0.744643
0.74485
0.745231
0.745675
0.74589
0.746142
0.746144
0.746152
0.746217
0.746388
0.746471
0.746503
0.746552
0.746568
0.746768
0.746823
0.746991
0.747329
0.747376
0.747527
0.747697
0.747743
0.747851
0.747855
0.747908
0.747992
0.748032
0.748047
0.748129
0.748255
0.74848
0.748491
0.748498
0.748519
0.748621
0.748752
0.748818
0.748886
0.749042
0.749127
0.749144
0.749157
0.749177
0.749261
0.749262
0.749283
0.749317
0.74932
0.749343
0.749416
0.749487
0.749506
0.749509
0.749534
0.749563
0.74957
0.749599
0.749624
0.749652
0.74972
0.749754
0.749803
0.749862
0.749951
0.749964
0.749979
0.749999
0.750006
0.75006
0.750104
0.750123
0.750128
0.750169
0.750192
0.750201
0.750214
0.750225
0.750297
0.750309
0.750321
0.750439
0.750508
0.750529
0.7506
0.75062
0.750623
0.750661
0.750664
0.750683
0.750714
0.750728
0.750764
0.750768
0.750791
0.750804
0.750827
0.750858
0.750888
0.750923
0.750967
0.750974
0.750996
0.751033
0.751062
0.751128
0.751196
0.751264
0.751321
0.751375
0.751389
0.75141
0.751414
0.751458
0.751469
0.751492
0.751496
0.751546
0.751547
0.751572
0.751575
0.751576
0.751668
0.751697
0.751739
0.751739
0.75175
0.751832
0.751836
0.751846
0.751893
0.751914
0.751935
0.751976
0.751978
0.752041
0.752046
0.752059
0.752066
0.752095
0.752117
0.75221
0.75224
0.752276
0.75232
0.752343
0.752436
0.752446
0.752456
0.752524
0.752527
0.752551
0.752562
0.752667
0.752721
0.752854
0.752857
0.752877
0.752905
0.752936
0.752968
0.752971
0.752987
0.752989
0.753036
0.753107
0.753139
0.753147
0.753147
0.753167
0.753261
0.753302
0.753317
0.753323
0.753369
0.753421
0.753505
0.753605
0.75365
0.753709
0.753709
0.753982
0.754055
0.754087
0.754184
0.75427
0.75441
0.754496
0.75452
0.754603
0.754671
0.754702
0.754711
0.754756
0.754904
0.754929
0.755053
0.755209
0.755224
0.755261
0.755327
0.755371
0.755372
0.755414
0.755455
0.755565
0.755622
0.755646
0.75567
0.755763
0.755765
0.755768
0.755783
0.755864
0.755918
0.755933
0.755943
0.755975
0.755987
0.756025
0.756036
0.756041
0.756049
0.756098
0.756128
0.756131
0.75621
0.756254
0.75627
0.756284
0.756293
0.756309
0.756315
0.756316
0.756352
0.756356
0.756415
0.756429
0.756445
0.756455
0.756534
0.756593
0.756606
0.756645
0.756657
0.756686
0.756687
0.756688
0.756696
0.756721
0.756726
0.756771
0.756812
0.756848
0.756849
0.756873
0.75689
0.756908
0.756913
0.756923
0.756939
0.75694
0.757032
0.757056
0.757061
0.757075
0.757094
0.757106
0.757114
0.757143
0.757152
0.757158
0.757158
0.757184
0.757185
0.757191
0.757195
0.757197
0.757243
0.75725
0.757254
0.757303
0.757307
0.757322
0.757328
0.757337
0.757347
0.757357
0.757377
0.757413
0.757414
0.757417
0.757431
0.757475
0.757504
0.757509
0.757527
0.757553
0.757559
0.757578
0.757581
0.757591
0.757603
0.757621
0.75764
0.757651
0.757677
0.757677
0.757696
0.757735
0.757754
0.757766
0.757768
0.757789
0.757801
0.757805
0.757823
0.757828
0.757835
0.757843
0.757846
0.75785
0.757853
0.757871
0.757891
0.757906
0.757908
0.757919
0.757923
0.757923
0.757926
0.757979
0.757988
0.757991
0.757993
0.757999
0.758
0.758017
0.758029
0.758034
0.758037
0.758073
0.758075
0.758109
0.758112
0.758113
0.758124
0.758158
0.758175
0.758193
0.758212
0.758231
0.758233
0.758251
0.758267
0.758319
0.758335
0.75834
0.758357
0.758374
0.758385
0.758389
0.758396
0.758404
0.758413
0.75846
0.758468
0.758483
0.758488
0.758512
0.758518
0.758598
0.758604
0.758646
0.758672
0.758721
0.758723
0.758735
0.758769
0.758788
0.75879
0.758792
0.758798
0.75881
0.758815
0.75882
0.758828
0.758852
0.758856
0.758859
0.758863
0.758868
0.758873
0.758886
0.758915
0.758927
0.758933
0.758942
0.75896
0.758982
0.758998
0.759016
0.759022
0.75903
0.75904
0.759046
0.759076
0.759077
0.759094
0.7591
0.759104
0.759111
0.759139
0.759141
0.759147
0.759156
0.759177
0.759201
0.75922
0.759221
0.759255
0.759271
0.759275
0.75928
0.75928
0.759287
0.759299
0.759302
0.759318
0.759319
0.759345
0.75938
0.759381
0.759386
0.759407
0.759462
0.759464
0.759484
0.759486
0.759487
0.759492
0.759508
0.759529
0.75953
0.759554
0.759599
0.759602
0.759617
0.759621
0.759625
0.75964
0.759675
0.759692
0.759693
0.759694
0.759702
0.759714
0.759716
0.759724
0.759757
0.759781
0.759794
0.759806
0.759807
0.759846
0.759847
0.759854
0.759865
0.759892
0.7599
0.759904
0.759905
0.759938
0.759946
0.759974
0.760005
0.760047
0.760051
0.760062
0.760118
0.760139
0.760164
0.760167
0.760182
0.760203
0.760216
0.760223
0.76023
0.760254
0.760265
0.76027
0.760299
0.760368
0.760393
0.760394
0.760397
0.7604
0.760411
0.760453
0.760494
0.760547
0.760551
0.760553
0.760564
0.760595
0.760612
0.760714
0.760743
0.760745
0.760754
0.760759
0.760773
0.760824
0.760838
0.760901
0.760914
0.760951
0.760958
0.760986
0.761017
0.76102
0.761044
0.761059
0.761063
0.761166
0.761171
0.761188
0.761191
0.761191
0.761196
0.761204
0.761205
0.761227
0.761237
0.761247
0.761249
0.76126
0.761291
0.761298
0.76144
0.761447
0.761465
0.761486
0.761497
0.761498
0.761555
0.761599
0.761612
0.76163
0.761635
0.761717
0.761732
0.761754
0.761756
0.761776
0.761777
0.761779
0.761802
0.761859
0.76188
0.761894
0.761991
0.762056
0.762088
0.762096
0.76218
0.762242
0.762254
0.76234
0.76244
0.762453
0.762487
0.762489
0.762497
0.762554
0.762678
0.762896
0.715888
0.716723
0.717045
0.717265
0.717283
0.717401
0.717471
0.717521
0.717858
0.717866
0.717917
0.718064
0.718178
0.71833
0.718368
0.718404
0.718497
0.718525
0.718544
0.718582
0.718589
0.718589
0.718628
0.718679
0.718683
0.718701
0.718738
0.718743
0.718852
0.718862
0.718864
0.719002
0.719084
0.719117
0.719141
0.719147
0.719186
0.719199
0.71921
0.719237
0.719272
0.719272
0.719316
0.719337
0.719353
0.719363
0.719369
0.719425
0.719498
0.7195
0.719501
0.719517
0.71953
0.719578
0.719608
0.719622
0.719631
0.71967
0.719712
0.719714
0.719725
0.719775
0.719785
0.719791
0.719795
0.719797
0.719846
0.719922
0.719924
0.719976
0.720015
0.72003
0.720032
0.720051
0.720116
0.72013
0.720142
0.720176
0.720193
0.720207
0.720227
0.720233
0.720233
0.720234
0.720241
0.720314
0.720333
0.720338
0.720409
0.720435
0.720438
0.720442
0.720445
0.720482
0.72049
0.720494
0.720516
0.720536
0.720539
0.720551
0.720552
0.720552
0.720604
0.720624
0.720626
0.720639
0.720639
0.720649
0.720669
0.720678
0.720703
0.720705
0.720723
0.720733
0.720738
0.720764
0.720774
0.720827
0.72085
0.720894
0.720929
0.720954
0.720966
0.720968
0.720971
0.720989
0.721023
0.721027
0.72103
0.721044
0.72107
0.721075
0.721098
0.721101
0.721105
0.721134
0.721136
0.721138
0.721144
0.721145
0.721193
0.72121
0.72121
0.721343
0.721349
0.721366
0.721367
0.721396
0.721402
0.721404
0.721404
0.721407
0.721408
0.72141
0.721416
0.721423
0.72144
0.721448
0.721461
0.72154
0.721549
0.721552
0.7216
0.721634
0.72164
0.721645
0.721646
0.721657
0.721669
0.721693
0.721705
0.721712
0.721722
0.721729
0.721736
0.721739
0.721747
0.721791
0.72181
0.721827
0.72183
0.721831
0.721832
0.721836
0.721863
0.721897
0.721898
0.721921
0.721939
0.72194
0.721988
0.721993
0.721999
0.72201
0.722035
0.722054
0.722057
0.722066
0.722091
0.722094
0.722102
0.722126
0.722165
0.722174
0.722175
0.72218
0.722192
0.722215
0.722253
0.722259
0.722267
0.722276
0.722291
0.722298
0.722307
0.722312
0.722313
0.722313
0.722317
0.722395
0.722421
0.72243
0.722474
0.722487
0.722491
0.722518
0.722523
0.722533
0.722536
0.722564
0.722577
0.722621
0.722625
0.722639
0.72266
0.722669
0.72269
0.722692
0.722714
0.722737
0.722745
0.722766
0.722777
0.722777
0.722783
0.722828
0.722833
0.722843
0.722864
0.722867
0.722872
0.722896
0.722925
0.722928
0.722929
0.722932
0.72294
0.723004
0.723004
0.723017
0.723025
0.72305
0.723058
0.723068
0.723086
0.723094
0.723119
0.723122
0.723144
0.723153
0.723168
0.723191
0.723212
0.723219
0.723226
0.723233
0.723238
0.723239
0.723245
0.72328
0.723295
0.723357
0.723363
0.7234
0.723402
0.723403
0.723437
0.72345
0.723473
0.723486
0.723489
0.723509
0.723525
0.72354
0.723543
0.72355
0.723569
0.723608
0.723613
0.723619
0.723638
0.72367
0.723673
0.723676
0.723685
0.723698
0.723707
0.723711
0.723716
0.723721
0.723752
0.723759
0.723776
0.723802
0.723803
0.723811
0.723834
0.723835
0.723886
0.723936
0.723972
0.723975
0.723977
0.723991
0.724008
0.72405
0.724084
0.72409
0.724116
0.724119
0.724121
0.724129
0.724135
0.724142
0.724143
0.724177
0.724186
0.724228
0.72423
0.724238
0.724255
0.724261
0.724264
0.724274
0.724314
0.724343
0.724356
0.724362
0.72437
0.724403
0.724411
0.724422
0.724444
0.724448
0.724453
0.724454
0.724461
0.724462
0.724516
0.724528
0.724542
0.724606
0.724614
0.724622
0.724646
0.724684
0.724687
0.724709
0.724722
0.724735
0.724797
0.724803
0.72481
0.724861
0.724863
0.724863
0.724882
0.724919
0.724968
0.724976
0.724981
0.72499
0.724994
0.724995
0.725003
0.72501
0.725012
0.725167
0.725234
0.725252
0.725263
0.725264
0.725267
0.725364
0.725367
0.72537
0.725386
0.725429
0.725429
0.725464
0.725501
0.725537
0.725564
0.725576
0.725638
0.725646
0.725653
0.725697
0.725707
0.725744
0.725746
0.72583
0.72586
0.725899
0.725923
0.725999
0.72605
0.726173
0.726219
0.72633
0.726393
0.726862
0.727267
0.744144
0.744332
0.744539
0.744919
0.745364
0.745578
0.745831
0.745833
0.745841
0.745906
0.746076
0.74616
0.746192
0.746241
0.746256
0.746457
0.746512
0.746679
0.747018
0.747065
0.747215
0.747386
0.747432
0.74754
0.747544
0.747597
0.747681
0.747721
0.747736
0.747818
0.747944
0.748169
0.74818
0.748187
0.748208
0.74831
0.748441
0.748507
0.748575
0.748732
0.748816
0.748833
0.748846
0.748867
0.74895
0.748951
0.748972
0.749007
0.749009
0.749032
0.749106
0.749177
0.749195
0.749198
0.749223
0.749253
0.749259
0.749288
0.749313
0.749341
0.749409
0.749443
0.749492
0.749551
0.749641
0.749653
0.749668
0.749688
0.749695
0.749749
0.749794
0.749812
0.749818
0.749858
0.749881
0.74989
0.749903
0.749914
0.749986
0.749997
0.75001
0.750128
0.750197
0.750218
0.750289
0.75031
0.750312
0.75035
0.750353
0.750373
0.750404
0.750418
0.750454
0.750457
0.750481
0.750493
0.750517
0.750547
0.750578
0.750612
0.750657
0.750664
0.750685
0.750722
0.750751
0.750818
0.750885
0.750954
0.75101
0.751065
0.751079
0.7511
0.751104
0.751148
0.751159
0.751181
0.751185
0.751235
0.751236
0.751261
0.751264
0.751265
0.751358
0.751386
0.751429
0.751429
0.75144
0.751522
0.751525
0.751535
0.751582
0.751604
0.751624
0.751666
0.751668
0.751731
0.751735
0.751748
0.751756
0.751784
0.751807
0.7519
0.75193
0.751966
0.75201
0.752033
0.752126
0.752136
0.752146
0.752214
0.752217
0.752241
0.752252
0.752357
0.75241
0.752544
0.752548
0.752567
0.752596
0.752626
0.752658
0.752661
0.752678
0.752679
0.752726
0.752797
0.752829
0.752837
0.752838
0.752857
0.752952
0.752992
0.753013
0.753036
0.75306
0.753111
0.753195
0.753296
0.75334
0.753399
0.7534
0.753672
0.753746
0.753778
0.753875
0.753989
0.7541
0.754215
0.75424
0.754321
0.75439
0.754393
0.754422
0.754475
0.754623
0.754647
0.754772
0.754921
0.754943
0.754972
0.755046
0.755082
0.75509
0.755132
0.755174
0.755283
0.75534
0.755365
0.755388
0.755482
0.755484
0.755487
0.755501
0.755575
0.755637
0.755651
0.755655
0.755694
0.755706
0.755737
0.755748
0.75576
0.755767
0.755817
0.755846
0.75585
0.755928
0.755972
0.755988
0.756002
0.756011
0.756026
0.756027
0.756028
0.75607
0.756074
0.756134
0.756147
0.756156
0.756173
0.756252
0.756304
0.756324
0.756356
0.756368
0.756397
0.756405
0.756407
0.756415
0.756437
0.756439
0.756482
0.756531
0.756566
0.756567
0.756591
0.756608
0.756619
0.756623
0.756641
0.756651
0.756658
0.756751
0.756767
0.756771
0.756793
0.756812
0.756818
0.756832
0.756854
0.756862
0.756876
0.756877
0.756902
0.756904
0.756906
0.756908
0.756909
0.756961
0.756968
0.756973
0.757021
0.757026
0.757033
0.757039
0.757055
0.757058
0.757075
0.757095
0.757124
0.757133
0.757136
0.757149
0.757193
0.757215
0.75722
0.757245
0.757271
0.757277
0.757292
0.757297
0.757309
0.757321
0.757339
0.757351
0.757369
0.757387
0.757395
0.757414
0.757445
0.757472
0.757477
0.757486
0.7575
0.757519
0.757523
0.757534
0.757539
0.757546
0.757557
0.757561
0.757564
0.757568
0.757589
0.75761
0.757616
0.757619
0.75763
0.757634
0.757641
0.757644
0.757697
0.757699
0.75771
0.757711
0.757711
0.757717
0.757735
0.75774
0.757752
0.757755
0.757784
0.757786
0.75782
0.757824
0.75783
0.757835
0.757876
0.757893
0.757904
0.757923
0.75795
0.757951
0.757969
0.757985
0.758037
0.758045
0.758051
0.758075
0.758092
0.758096
0.758107
0.758107
0.758122
0.758124
0.758178
0.758186
0.758194
0.758199
0.758223
0.758236
0.758309
0.758322
0.758364
0.75839
0.758439
0.758441
0.758452
0.758487
0.758499
0.758503
0.758508
0.758517
0.758521
0.758531
0.758533
0.758545
0.758563
0.758567
0.758569
0.758579
0.758581
0.758584
0.758604
0.758633
0.758638
0.758651
0.75866
0.758671
0.7587
0.758716
0.758727
0.758733
0.758741
0.758758
0.758764
0.758787
0.758789
0.758812
0.758818
0.758821
0.758829
0.75885
0.758858
0.758859
0.758874
0.758896
0.758911
0.75893
0.758939
0.758966
0.758982
0.758992
0.758997
0.758998
0.758998
0.75901
0.759013
0.759036
0.759036
0.759056
0.759091
0.759099
0.759104
0.759118
0.759175
0.75918
0.759197
0.759198
0.759202
0.759203
0.759226
0.75924
0.759241
0.759272
0.75931
0.75932
0.759335
0.759335
0.759339
0.759351
0.759386
0.759403
0.759404
0.759405
0.759412
0.759425
0.759434
0.759435
0.759468
0.759492
0.759512
0.759519
0.759524
0.759558
0.759563
0.759565
0.759582
0.759603
0.759611
0.759615
0.759616
0.759648
0.759656
0.759692
0.759723
0.759758
0.759769
0.75978
0.759829
0.75985
0.759875
0.759878
0.759899
0.75992
0.759927
0.759934
0.759941
0.759964
0.759976
0.759981
0.760017
0.760078
0.760104
0.760108
0.76011
0.760111
0.760122
0.760164
0.760205
0.760257
0.760262
0.760264
0.760275
0.760306
0.760323
0.760425
0.760454
0.760456
0.760472
0.760476
0.760483
0.760535
0.760549
0.760612
0.760624
0.760661
0.760669
0.760697
0.760728
0.76073
0.760755
0.76077
0.760774
0.760878
0.760882
0.760899
0.760901
0.760902
0.760908
0.760915
0.760916
0.760938
0.760947
0.760957
0.76096
0.760971
0.761002
0.761009
0.76115
0.761158
0.761176
0.761196
0.761208
0.761209
0.761266
0.76131
0.761322
0.761341
0.761346
0.761428
0.761443
0.761465
0.761467
0.761487
0.761487
0.76149
0.761514
0.76157
0.761591
0.761605
0.761702
0.761767
0.761799
0.761807
0.761891
0.761953
0.761965
0.76205
0.762151
0.762165
0.762198
0.762199
0.762208
0.762265
0.762389
0.762607
0.715477
0.716315
0.716637
0.716856
0.716871
0.716993
0.71706
0.717112
0.71745
0.717457
0.717505
0.717656
0.717766
0.717917
0.71796
0.717995
0.718084
0.718113
0.718132
0.718174
0.718176
0.718177
0.71822
0.718266
0.718275
0.718289
0.718325
0.71833
0.718439
0.71845
0.718452
0.718594
0.718675
0.718708
0.718728
0.718739
0.718778
0.71879
0.718801
0.718828
0.718859
0.71886
0.718903
0.718925
0.71894
0.71895
0.718956
0.719017
0.719089
0.71909
0.719091
0.719104
0.719121
0.719169
0.7192
0.719209
0.719218
0.719258
0.719299
0.719301
0.719313
0.719366
0.719372
0.719382
0.719382
0.719388
0.719438
0.71951
0.719511
0.719563
0.719602
0.719617
0.719624
0.719638
0.719703
0.719717
0.71973
0.719768
0.719779
0.719799
0.719814
0.719819
0.719822
0.719825
0.719832
0.719901
0.719924
0.71993
0.719996
0.720022
0.720025
0.720029
0.720032
0.720069
0.720078
0.720085
0.720104
0.720123
0.720126
0.720142
0.720143
0.720144
0.720195
0.720213
0.720215
0.72023
0.72023
0.720237
0.72026
0.720264
0.720293
0.720294
0.72031
0.72032
0.720324
0.720351
0.720362
0.720413
0.720437
0.720486
0.72052
0.720545
0.720553
0.720555
0.720558
0.720581
0.720611
0.720617
0.720618
0.720636
0.720658
0.720662
0.720684
0.720688
0.720692
0.720721
0.720723
0.720725
0.720731
0.720737
0.720784
0.720797
0.720801
0.720931
0.720936
0.720953
0.720957
0.720987
0.72099
0.720993
0.720994
0.720995
0.720996
0.721002
0.721003
0.72101
0.721031
0.721035
0.721052
0.721132
0.721136
0.721139
0.721187
0.721221
0.721227
0.721232
0.721232
0.721245
0.721261
0.721285
0.721296
0.721299
0.721309
0.72132
0.721326
0.721328
0.721338
0.721378
0.721401
0.721414
0.721418
0.721419
0.721421
0.721423
0.72145
0.721484
0.721489
0.721512
0.721526
0.721527
0.721575
0.72158
0.721586
0.721602
0.721622
0.721641
0.721644
0.721658
0.721677
0.721681
0.721688
0.721718
0.721757
0.721762
0.721766
0.721771
0.721779
0.721807
0.721844
0.72185
0.721854
0.721863
0.721877
0.72189
0.721899
0.721899
0.7219
0.721904
0.721909
0.721982
0.722007
0.722022
0.722065
0.722074
0.722078
0.722109
0.722114
0.72212
0.722122
0.722155
0.722164
0.722212
0.722212
0.722226
0.722247
0.722261
0.722276
0.722279
0.722301
0.722324
0.722331
0.722354
0.722364
0.722369
0.722374
0.72242
0.722424
0.722434
0.722451
0.722458
0.722463
0.722488
0.722516
0.722518
0.722519
0.72252
0.722527
0.72259
0.722595
0.722604
0.722612
0.722642
0.722649
0.722659
0.722678
0.722685
0.722709
0.72271
0.722735
0.72274
0.722755
0.722778
0.722803
0.72281
0.722817
0.722819
0.722825
0.722829
0.722837
0.722872
0.722882
0.722949
0.722949
0.722991
0.722993
0.722995
0.723024
0.723041
0.723061
0.723077
0.72308
0.7231
0.723112
0.723126
0.72313
0.723137
0.723156
0.723195
0.723205
0.723206
0.723229
0.723257
0.723265
0.723267
0.723276
0.723285
0.723294
0.723298
0.723307
0.723308
0.723338
0.72335
0.723367
0.723394
0.723394
0.723398
0.723422
0.723425
0.723477
0.723527
0.723563
0.723564
0.723567
0.723578
0.723595
0.723642
0.723671
0.723677
0.723703
0.723705
0.723708
0.723716
0.723727
0.72373
0.723733
0.723764
0.723772
0.723815
0.723822
0.723825
0.723842
0.723853
0.723856
0.723866
0.723901
0.723935
0.723947
0.72395
0.723961
0.72399
0.724002
0.724014
0.724035
0.724036
0.72404
0.72404
0.724048
0.724054
0.724108
0.72412
0.724129
0.724198
0.724201
0.724213
0.724237
0.724274
0.724275
0.724296
0.724308
0.724327
0.724388
0.724395
0.724402
0.724452
0.724454
0.724454
0.724469
0.724506
0.72456
0.724568
0.724573
0.724582
0.724586
0.724586
0.72459
0.724596
0.724598
0.724759
0.724826
0.724844
0.724855
0.724856
0.724859
0.724955
0.724957
0.724958
0.724973
0.725016
0.725021
0.725051
0.725087
0.725124
0.725156
0.725168
0.725229
0.725238
0.725245
0.725284
0.725298
0.72533
0.725338
0.725421
0.725451
0.725491
0.725515
0.72559
0.725637
0.725765
0.72581
0.725922
0.725985
0.726454
0.726859
0.743832
0.74402
0.744227
0.744607
0.745052
0.745266
0.745519
0.745521
0.745529
0.745594
0.745764
0.745848
0.74588
0.74593
0.745944
0.746145
0.7462
0.746367
0.746706
0.746753
0.746904
0.747074
0.74712
0.747228
0.747233
0.747285
0.74737
0.747409
0.747424
0.747506
0.747633
0.747857
0.747869
0.747875
0.747896
0.747998
0.748129
0.748195
0.748263
0.74842
0.748505
0.748522
0.748535
0.748555
0.748638
0.748639
0.74866
0.748695
0.748697
0.74872
0.748794
0.748865
0.748884
0.748887
0.748912
0.748941
0.748948
0.748976
0.749002
0.74903
0.749097
0.749132
0.749181
0.74924
0.749329
0.749341
0.749356
0.749377
0.749384
0.749438
0.749482
0.749501
0.749506
0.749547
0.74957
0.749579
0.749592
0.749603
0.749675
0.749686
0.749698
0.749817
0.749886
0.749907
0.749978
0.749999
0.750001
0.750039
0.750042
0.750061
0.750093
0.750106
0.750143
0.750146
0.750169
0.750182
0.750205
0.750236
0.750266
0.750301
0.750346
0.750353
0.750374
0.75041
0.75044
0.750506
0.750574
0.750643
0.750699
0.750754
0.750768
0.750789
0.750793
0.750837
0.750848
0.75087
0.750874
0.750924
0.750925
0.75095
0.750953
0.750954
0.751047
0.751076
0.751118
0.751118
0.751129
0.751211
0.751214
0.751224
0.751271
0.751293
0.751313
0.751355
0.751357
0.75142
0.751424
0.751438
0.751445
0.751473
0.751496
0.75159
0.751619
0.751655
0.7517
0.751722
0.751815
0.751825
0.751835
0.751903
0.751906
0.75193
0.751942
0.752047
0.7521
0.752233
0.752237
0.752257
0.752285
0.752316
0.752348
0.752351
0.752367
0.752368
0.752415
0.752486
0.752519
0.752526
0.752527
0.752546
0.752641
0.752682
0.752702
0.75275
0.752756
0.7528
0.752885
0.752985
0.75303
0.753089
0.75309
0.753362
0.753436
0.753468
0.753565
0.753707
0.75379
0.753933
0.753958
0.75404
0.754084
0.754108
0.754133
0.754193
0.754341
0.754365
0.75449
0.754632
0.754661
0.754682
0.754764
0.754793
0.754809
0.75485
0.754892
0.755001
0.755058
0.755083
0.755106
0.7552
0.755202
0.755206
0.755219
0.755286
0.755355
0.755365
0.755369
0.755412
0.755424
0.755448
0.755459
0.755478
0.755485
0.755535
0.755564
0.755568
0.755646
0.75569
0.755706
0.75572
0.755729
0.755737
0.755738
0.755746
0.755788
0.755792
0.755852
0.755865
0.755867
0.755891
0.755969
0.756014
0.756042
0.756067
0.756079
0.756107
0.756123
0.756125
0.756133
0.756148
0.756157
0.756193
0.756249
0.756284
0.756285
0.756309
0.756326
0.75633
0.756334
0.756359
0.756361
0.756376
0.756468
0.756477
0.756482
0.75651
0.756528
0.756529
0.75655
0.756565
0.756573
0.756594
0.756595
0.756617
0.756618
0.75662
0.756622
0.756627
0.756678
0.756686
0.756691
0.756739
0.756743
0.756744
0.756749
0.756769
0.756773
0.756792
0.756813
0.756834
0.756851
0.756853
0.756867
0.756911
0.756925
0.75693
0.756962
0.756988
0.756994
0.757003
0.757015
0.757026
0.757038
0.757057
0.757062
0.757087
0.757097
0.757113
0.757132
0.757156
0.757187
0.75719
0.757204
0.75721
0.757237
0.757241
0.757244
0.757249
0.757256
0.757268
0.757275
0.757279
0.757286
0.757306
0.757327
0.757327
0.75733
0.75734
0.757344
0.757359
0.757362
0.75741
0.757414
0.757421
0.757427
0.757429
0.757435
0.75745
0.757452
0.75747
0.757473
0.757494
0.757496
0.75753
0.757535
0.757545
0.757547
0.757593
0.757611
0.757614
0.757633
0.757667
0.757669
0.757686
0.757703
0.757755
0.757755
0.757762
0.757793
0.757806
0.757809
0.757817
0.757825
0.757835
0.75784
0.757896
0.757904
0.757904
0.757909
0.757932
0.757953
0.758019
0.75804
0.758081
0.758108
0.758157
0.758158
0.75817
0.758204
0.758209
0.758213
0.758225
0.758231
0.758234
0.758241
0.758251
0.758262
0.758273
0.758277
0.758279
0.758289
0.758294
0.758298
0.758321
0.758348
0.75835
0.758368
0.758377
0.758381
0.758417
0.758433
0.758438
0.758443
0.758452
0.758475
0.758481
0.758497
0.758499
0.758529
0.758535
0.758538
0.758547
0.75856
0.758568
0.758576
0.758591
0.758613
0.758621
0.75864
0.758657
0.758676
0.758692
0.758707
0.75871
0.758715
0.758716
0.758721
0.758724
0.758753
0.758754
0.758766
0.758802
0.758816
0.758821
0.758829
0.758885
0.758898
0.758907
0.758908
0.758913
0.758919
0.758944
0.75895
0.758951
0.758989
0.75902
0.759038
0.759045
0.759052
0.759056
0.759061
0.759096
0.759113
0.759114
0.759115
0.759123
0.759136
0.759146
0.759151
0.759179
0.759202
0.759229
0.759229
0.759241
0.759268
0.759276
0.759281
0.759299
0.759313
0.759321
0.759325
0.759326
0.759358
0.759367
0.759409
0.75944
0.759469
0.759486
0.759498
0.759539
0.75956
0.759586
0.759589
0.759617
0.759637
0.759637
0.759644
0.759652
0.759674
0.759686
0.759691
0.759734
0.759788
0.759815
0.759818
0.759821
0.759828
0.759832
0.759875
0.759916
0.759967
0.759972
0.759975
0.759985
0.760015
0.760033
0.760135
0.760164
0.760167
0.760189
0.760193
0.760193
0.760246
0.76026
0.760322
0.760334
0.760371
0.760379
0.760407
0.760438
0.76044
0.760466
0.76048
0.760485
0.760588
0.760592
0.760609
0.760611
0.760612
0.760618
0.760625
0.760626
0.760649
0.760658
0.760667
0.760671
0.760681
0.760712
0.760719
0.760861
0.760868
0.760886
0.760907
0.760919
0.760919
0.760977
0.761021
0.761032
0.761052
0.761056
0.761139
0.761153
0.761176
0.761177
0.761197
0.761198
0.7612
0.761224
0.76128
0.761301
0.761315
0.761412
0.761477
0.761509
0.761517
0.761601
0.761663
0.761675
0.761761
0.761861
0.761875
0.761908
0.76191
0.761919
0.761976
0.7621
0.762318
